4 0.41778975741239893 0.5404886561954625 0.008471313053523296 0.00593368237347295
5 0.5169426261070466 0.618673647469459 0.006546014632268001 0.008027923211169284
4 0.4755487100500577 0.618150087260035 0.00693107431651906 0.007678883071553229
4 0.4830573738929534 0.6146596858638744 0.007316134000770119 0.008376963350785341
4 0.4903735078937235 0.6108202443280978 0.006546014632268001 0.008376963350785341
4 0.4909510974201001 0.6027923211169285 0.00693107431651906 0.008376963350785341
4 0.49807470157874467 0.6085514834205934 0.006546014632268001 0.008726003490401396
4 0.5088563727377743 0.6036649214659686 0.006546014632268001 0.008027923211169284
4 0.5092414324220254 0.5951134380453752 0.007316134000770119 0.009075043630017453
4 0.5171351559491721 0.6003490401396161 0.00693107431651906 0.008376963350785341
4 0.5171351559491721 0.5916230366492147 0.00693107431651906 0.008376963350785341
4 0.5207932229495572 0.5897033158813264 0.006546014632268001 0.008027923211169284
4 0.5244512899499423 0.5970331588132636 0.00693107431651906 0.007329842931937173
4 0.5248363496341932 0.5883071553228622 0.0061609549480169425 0.007329842931937173
4 0.5321524836349634 0.5851657940663176 0.00693107431651906 0.008027923211169284
4 0.5281093569503272 0.5956369982547993 0.006546014632268001 0.008027923211169284
4 0.5321524836349634 0.5938917975567191 0.0061609549480169425 0.007329842931937173
4 0.5361956103195995 0.5921465968586388 0.006546014632268001 0.008027923211169284
4 0.46053138236426644 0.6516579406631763 0.007701193685021178 0.008376963350785341
4 0.46765498652291104 0.6476439790575916 0.006546014632268001 0.008027923211169284
4 0.4711205236811706 0.6457242582897034 0.006546014632268001 0.007678883071553229
4 0.4792067770504428 0.643106457242583 0.006546014632268001 0.007329842931937173
4 0.4863303812090874 0.6401396160558465 0.007701193685021178 0.008376963350785341
4 0.4863303812090874 0.630890052356021 0.00693107431651906 0.008027923211169284
4 0.4940315748941086 0.6364746945898778 0.0061609549480169425 0.008027923211169284
4 0.49441663457835966 0.6280977312390925 0.00693107431651906 0.008027923211169284
4 0.49788217173661914 0.6350785340314137 0.0061609549480169425 0.008027923211169284
4 0.5017327685791297 0.6333333333333334 0.0061609549480169425 0.008027923211169284
4 0.5088563727377743 0.6301919720767889 0.007316134000770119 0.008726003490401396
4 0.513092029264536 0.6286212914485166 0.005775895263765884 0.007678883071553229
4 0.513092029264536 0.6202443280977312 0.006546014632268001 0.007678883071553229
4 0.5248363496341932 0.5701570680628273 0.0061609549480169425 0.008027923211169284
4 0.5207932229495572 0.5719022687609076 0.006546014632268001 0.008027923211169284
4 0.5171351559491721 0.5734729493891798 0.0061609549480169425 0.007678883071553229
4 0.4306892568348094 0.49319371727748695 0.008856372737774355 0.0062827225130890054
4 0.1255294570658452 0.24101221640488657 0.008471313053523296 0.0038394415357766143
4 0.13303812090874084 0.2474694589877836 0.008856372737774355 0.004188481675392671
5 0.20639199075856757 0.24205933682373473 0.016172506738544475 0.004537521815008726
4 0.2666538313438583 0.22181500872600352 0.008086253369272238 0.0038394415357766143
4 0.3575279168271082 0.21727748691099477 0.008086253369272238 0.0038394415357766143
4 0.37350789372352716 0.5815008726003491 0.00693107431651906 0.008376963350785341
4 0.37947631882941857 0.5842931937172775 0.005775895263765884 0.007678883071553229
4 0.388717751251444 0.2429319371727749 0.009626492106276472 0.004188481675392671
4 0.42914901809780515 0.24275741710296686 0.008086253369272238 0.0031413612565445027
4 0.421832884097035 0.5366492146596858 0.008856372737774355 0.00593368237347295
4 0.42395071236041587 0.5321116928446772 0.009241432422025414 0.00593368237347295
4 0.42587601078167114 0.5287958115183247 0.008471313053523296 0.005584642233856894
4 0.4385829803619561 0.5102966841186737 0.00693107431651906 0.009773123909249564
4 0.4326145552560647 0.48987783595113443 0.008856372737774355 0.006631762652705061
4 0.5102040816326531 0.5773123909249565 0.00693107431651906 0.007678883071553229
4 0.4432036965729688 0.49144851657940664 0.004620716211012707 0.0062827225130890054
4 0.4695802849441663 0.4666666666666667 0.008086253369272238 0.005584642233856894
4 0.44878706199460916 0.4490401396160559 0.006546014632268001 0.009424083769633508
4 0.4784366576819407 0.24223385689354276 0.008856372737774355 0.004188481675392671
5 0.5281093569503272 0.21762652705061084 0.011166730843280709 0.0038394415357766143
4 0.5281093569503272 0.24205933682373473 0.009626492106276472 0.004537521815008726
4 0.5200231035810551 0.24886561954624783 0.008856372737774355 0.0034904013961605585
4 0.5127069695802849 0.5481675392670158 0.006546014632268001 0.008027923211169284
4 0.5025028879476319 0.5715532286212914 0.00693107431651906 0.008726003490401396
4 0.5352329611089719 0.5460732984293194 0.009241432422025414 0.006631762652705061
4 0.5381209087408548 0.5528795811518324 0.009626492106276472 0.006980802792321117
4 0.542164035425491 0.5591623036649215 0.009241432422025414 0.005584642233856894
4 0.4982672314208702 0.5818499127399651 0.00693107431651906 0.008376963350785341
4 0.5171351559491721 0.6272251308900524 0.0061609549480169425 0.007678883071553229
4 0.5206006931074316 0.6171029668411868 0.00693107431651906 0.007678883071553229
4 0.4426261070465922 0.5232111692844678 0.007316134000770119 0.007678883071553229
4 0.5244512899499423 0.6148342059336824 0.00693107431651906 0.008027923211169284
4 0.8353869849826723 0.25026178010471206 0.008856372737774355 0.004188481675392671
5 0.7955333076626877 0.37905759162303665 0.03773584905660377 0.018848167539267015
5 0.798228725452445 0.3851657940663176 0.03773584905660377 0.019197207678883072
5 0.7916827108201772 0.39528795811518325 0.018482864844050827 0.012216404886561956
5 0.8020793222949557 0.3993019197207679 0.03311513284559107 0.018150087260034906
0 0.8284559106661532 0.6082024432809774 0.02194840200231036 0.018499127399650962
0 0.8488640739314594 0.6157068062827226 0.02194840200231036 0.017452006980802792
0 0.8696572968810166 0.6219895287958116 0.021178282633808238 0.017452006980802792
0 0.9158644589911435 0.5694589877835952 0.02040816326530612 0.018499127399650962
4 0.9199075856757797 0.24973821989528797 0.010011551790527531 0.0038394415357766143
4 0.8681170581440123 0.22530541012216407 0.008856372737774355 0.0038394415357766143
5 0.31151328455910665 0.7209424083769634 0.018482864844050827 0.009424083769633508
5 0.3504043126684636 0.6661431064572426 0.012321909896033885 0.01710296684118674
0 0.5754716981132075 0.4534031413612566 0.02425876010781671 0.020942408376963352
4 0.6576819407008087 0.15165794066317628 0.0030804774740084712 0.007329842931937173
0 0.6515209857527917 0.42286212914485166 0.018482864844050827 0.01431064572425829
0 0.6871390065460146 0.4116928446771379 0.023488640739314594 0.019895287958115185
0 0.7152483634963419 0.4010471204188482 0.022718521370812476 0.017452006980802792
0 0.6771274547554871 0.4823734729493892 0.016557566422795534 0.017452006980802792
0 0.6443973815941471 0.49075043630017456 0.02194840200231036 0.0237347294938918
0 0.7591451675009626 0.7048865619546248 0.039661147477859066 0.039441535776614314
0 0.6954177897574124 0.4652705061082025 0.0215633423180593 0.02303664921465969
0 0.8654216403542548 0.5537521815008726 0.02194840200231036 0.01780104712041885
0 0.8875625721986907 0.5610820244328099 0.0215633423180593 0.019197207678883072
0 0.8136311128224875 0.5815008726003491 0.01771274547554871 0.01954624781849913
2 0.41143627262225646 0.2179755671902269 0.19522525991528686 0.024083769633507855
2 0.40566037735849053 0.2479930191972077 0.19522525991528686 0.024083769633507855
4 0.4366576819407008 0.4858638743455498 0.007701193685021178 0.004886561954624782
4 0.4333846746245668 0.5085514834205934 0.005775895263765884 0.007678883071553229
4 0.8195995379283789 0.2244328097731239 0.008856372737774355 0.004886561954624782
0 0.7735849056603773 0.46335078534031415 0.02464381979206777 0.023385689354275742
4 0.7878321139776665 0.2191972076788831 0.010011551790527531 0.0034904013961605585
4 0.5594917212167886 0.5945898778359512 0.008471313053523296 0.006631762652705061
4 0.5242587601078167 0.6240837696335079 0.006546014632268001 0.007678883071553229
4 0.5281093569503272 0.6221640488656196 0.006546014632268001 0.008027923211169284
4 0.47362341162880245 0.6635253054101222 0.00693107431651906 0.008376963350785341
4 0.48132460531382365 0.6603839441535777 0.00693107431651906 0.007678883071553229
4 0.49595687331536387 0.6546247818499128 0.007701193685021178 0.009424083769633508
4 0.5042356565267616 0.6520069808027924 0.006546014632268001 0.008376963350785341
5 0.5078937235271467 0.649738219895288 0.00693107431651906 0.008027923211169284
4 0.5117443203696573 0.6479930191972078 0.0061609549480169425 0.008027923211169284
0 0.4976896418944936 0.7027923211169285 0.04043126684636118 0.037347294938917974
0 0.5325375433192144 0.6881326352530541 0.04158644589911436 0.03455497382198953
4 0.5706584520600693 0.6738219895287958 0.008471313053523296 0.006631762652705061
5 0.5899114362726222 0.6661431064572426 0.010011551790527531 0.008027923211169284
5 0.5768194070080862 0.606108202443281 0.008471313053523296 0.012216404886561956
4 0.558529072006161 0.5897033158813264 0.008856372737774355 0.006631762652705061
4 0.6882941855987678 0.2242582897033159 0.009626492106276472 0.004537521815008726
4 0.5558336542164035 0.5862129144851658 0.008856372737774355 0.00593368237347295
4 0.5546784751636503 0.5825479930191972 0.007316134000770119 0.004886561954624782
4 0.5531382364266462 0.5792321116928447 0.007316134000770119 0.005235602094240838
4 0.5504428186368887 0.5759162303664922 0.008856372737774355 0.005584642233856894
4 0.5496726992683866 0.5724258289703316 0.008856372737774355 0.0062827225130890054
4 0.5465922217943782 0.5692844677137872 0.008856372737774355 0.0062827225130890054
4 0.5462071621101271 0.5652705061082025 0.008086253369272238 0.00593368237347295
0 0.5727762803234501 0.518324607329843 0.04659222179437813 0.04607329842931938
5 0.5770119368502118 0.2492146596858639 0.013477088948787061 0.004886561954624782
5 0.6274547554871005 0.6254799301919721 0.009626492106276472 0.011169284467713788
5 0.6343858298036196 0.6230366492146597 0.009626492106276472 0.012565445026178011
4 0.6195610319599538 0.21849912739965097 0.008471313053523296 0.004188481675392671
0 0.6659607239122064 0.6106457242582898 0.025798998844820946 0.020593368237347295
4 0.11802079322294956 0.21640488656195464 0.008086253369272238 0.004188481675392671
4 0.830188679245283 0.8767888307155324 0.04620716211012707 0.041884816753926704
4 0.46438197920677704 0.7821989528795812 0.04620716211012707 0.041884816753926704
4 0.35117443203696574 0.5462478184991274 0.04620716211012707 0.041884816753926704
4 0.14940315748941085 0.13717277486910995 0.04620716211012707 0.041884816753926704
4 0.6753946861763573 0.756369982547993 0.04620716211012707 0.041884816753926704
4 0.8247978436657681 0.4460732984293194 0.04620716211012707 0.041884816753926704
4 0.44050827878321136 0.1267015706806283 0.04620716211012707 0.041884816753926704
4 0.7208317289179823 0.8844677137870856 0.04620716211012707 0.041884816753926704
4 0.6665383134385829 0.8460732984293194 0.04620716211012707 0.041884816753926704
4 0.3638814016172507 0.42164048865619547 0.04620716211012707 0.041884816753926704
4 0.34231805929919135 0.46910994764397906 0.04620716211012707 0.041884816753926704
4 0.8783211397766654 0.8991273996509599 0.04620716211012707 0.041884816753926704
4 0.3777435502502888 0.84956369982548 0.04620716211012707 0.041884816753926704
4 0.5001925298421255 0.14973821989528796 0.04620716211012707 0.041884816753926704
4 0.6060839430111667 0.7654450261780105 0.04620716211012707 0.041884816753926704
4 0.621101270696958 0.68760907504363 0.04620716211012707 0.041884816753926704
4 0.31690412013862146 0.811867364746946 0.04620716211012707 0.041884816753926704
4 0.10281093569503273 0.30157068062827225 0.04620716211012707 0.041884816753926704
4 0.19753561802079322 0.7661431064572426 0.04620716211012707 0.041884816753926704
4 0.14247208317289178 0.468760907504363 0.04620716211012707 0.041884816753926704
4 0.22333461686561418 0.8467713787085516 0.04620716211012707 0.041884816753926704
4 0.25413939160569887 0.44712041884816756 0.04620716211012707 0.041884816753926704
4 0.6742395071236041 0.5664921465968586 0.04620716211012707 0.041884816753926704
4 0.41355410088563727 0.3455497382198953 0.04620716211012707 0.041884816753926704
4 0.19715055833654216 0.6816753926701571 0.04620716211012707 0.041884816753926704
4 0.5906815556411243 0.8108202443280977 0.04620716211012707 0.041884816753926704
4 0.608394301116673 0.24607329842931938 0.04620716211012707 0.041884816753926704
4 0.8159414709279939 0.2743455497382199 0.04620716211012707 0.041884816753926704
4 0.2079322294955718 0.5015706806282723 0.04620716211012707 0.041884816753926704
4 0.5787447054293415 0.13158813263525307 0.04620716211012707 0.041884816753926704
4 0.10242587601078167 0.8240837696335079 0.04620716211012707 0.041884816753926704
4 0.3107431651906045 0.3574171029668412 0.04620716211012707 0.041884816753926704
4 0.8914131690412014 0.5085514834205934 0.04620716211012707 0.041884816753926704
4 0.6184058529072006 0.5853403141361256 0.04620716211012707 0.041884816753926704
4 0.10050057758952638 0.35148342059336823 0.04620716211012707 0.041884816753926704
4 0.5071236041586445 0.28167539267015707 0.04620716211012707 0.041884816753926704
4 0.17173661917597227 0.20732984293193718 0.04620716211012707 0.041884816753926704
4 0.509819021948402 0.5033158813263525 0.04620716211012707 0.041884816753926704
4 0.2445128994994224 0.29319371727748694 0.04620716211012707 0.041884816753926704
4 0.7897574123989218 0.8087260034904015 0.04620716211012707 0.041884816753926704
4 0.10011551790527531 0.5162303664921466 0.04620716211012707 0.041884816753926704
4 0.35271467077396995 0.2893542757417103 0.04620716211012707 0.041884816753926704
4 0.8887177512514439 0.7818499127399652 0.04620716211012707 0.041884816753926704
4 0.31959953792837886 0.6593368237347296 0.04620716211012707 0.041884816753926704
4 0.8898729303041971 0.3148342059336824 0.04620716211012707 0.041884816753926704
4 0.31998459761262993 0.15462478184991274 0.04620716211012707 0.041884816753926704
4 0.1940700808625337 0.62478184991274 0.04620716211012707 0.041884816753926704
4 0.8879476318829418 0.45410122164048866 0.04620716211012707 0.041884816753926704
4 0.7343088178667694 0.44712041884816756 0.04620716211012707 0.041884816753926704
4 0.2988063149788217 0.7567190226876092 0.04620716211012707 0.041884816753926704
4 0.17019638043896804 0.40069808027923215 0.04620716211012707 0.041884816753926704
4 0.24990373507893723 0.6844677137870856 0.04620716211012707 0.041884816753926704
