12 0.5163352489471436 0.4592307507991791 0.12282764166593552 0.0544125959277153 48
6 0.35634344816207886 0.44340217113494873 0.019632473587989807 0.005305837839841843 160
6 0.5174563527107239 0.4457193613052368 0.024400195106863976 0.005929057952016592 157
6 0.5085147619247437 0.43461915850639343 0.024288751184940338 0.0050834305584430695 155
6 0.5028409361839294 0.4287179708480835 0.0237137358635664 0.006132054142653942 156
6 0.4939630627632141 0.4241025745868683 0.01897733099758625 0.0049412185326218605 153
6 0.4726562798023224 0.4346154034137726 0.012284127995371819 0.005793398711830378 148
12 0.3325994610786438 0.4134759306907654 0.059933263808488846 0.0032655310351401567 152
6 0.32067570090293884 0.43560314178466797 0.019893262535333633 0.004101156257092953 31
6 0.36399146914482117 0.44692307710647583 0.01892351172864437 0.0047445581294596195 155
6 0.3411203920841217 0.4339282512664795 0.007657738868147135 0.003446833696216345 140
4 0.41269898414611816 0.8535351753234863 0.010212944820523262 0.004140653647482395 46
6 0.35298293828964233 0.4264102578163147 0.01406822819262743 0.004091452807188034 150
6 0.35429027676582336 0.40577730536460876 0.012686765752732754 0.0037034067790955305 154
6 0.31942006945610046 0.4249201714992523 0.012019863352179527 0.003982498310506344 150
6 0.3461495339870453 0.439624547958374 0.009946619160473347 0.00446730200201273 149
6 0.36044031381607056 0.43205130100250244 0.010450308211147785 0.003295564791187644 149
6 0.37428975105285645 0.42384612560272217 0.01235248800367117 0.004174168221652508 150
6 0.5198863744735718 0.3730769455432892 0.017467303201556206 0.005466686096042395 141
6 0.4687499701976776 0.34179481863975525 0.024799894541502 0.0063727549277246 138
6 0.48117902874946594 0.442307710647583 0.014163926243782043 0.004919418599456549 155
6 0.4886363744735718 0.4512820839881897 0.010830800980329514 0.004614522214978933 142
6 0.4920712113380432 0.45466482639312744 0.013823771849274635 0.0031930063851177692 157
6 0.49609375 0.4587180018424988 0.010138214565813541 0.004157680086791515 144
6 0.6422333717346191 0.5416290163993835 0.026634568348526955 0.005298595875501633 152
6 0.6235796213150024 0.5384616255760193 0.009862642735242844 0.0033261128701269627 36
6 0.6221492290496826 0.5410184860229492 0.00988717470318079 0.0033261252101510763 36
6 0.6175426244735718 0.5100001096725464 0.03707960247993469 0.013520471751689911 152
6 0.5497159361839294 0.4899999797344208 0.01474606990814209 0.005390816833823919 154
6 0.5445738434791565 0.47518348693847656 0.024239253252744675 0.00508436793461442 160
6 0.5502511858940125 0.4821200966835022 0.026990465819835663 0.006072785705327988 159
6 0.5223796367645264 0.4528420865535736 0.021812014281749725 0.0043415287509560585 161
6 0.5265791416168213 0.45909175276756287 0.018792754039168358 0.004895302467048168 159
6 0.5337358117103577 0.47256404161453247 0.01733754202723503 0.004609635099768639 157
6 0.5362216234207153 0.5051283240318298 0.031375203281641006 0.0066109211184084415 155
6 0.5183259844779968 0.48697629570961 0.016180656850337982 0.0046171098947525024 159
6 0.5152978897094727 0.4821116030216217 0.011815223842859268 0.0033557226415723562 155
6 0.5130696892738342 0.4777037501335144 0.012925955466926098 0.004367481451481581 159
6 0.5074573159217834 0.47538456320762634 0.015575854107737541 0.0024781154934316874 152
6 0.5054104328155518 0.4706636667251587 0.011800042353570461 0.003965834155678749 151
6 0.49751418828964233 0.4628205895423889 0.01445265207439661 0.0044883484952151775 153
6 0.4609374701976776 0.33512818813323975 0.0222813431173563 0.007242911960929632 137
6 0.4790884852409363 0.3484523296356201 0.021659329533576965 0.005893326364457607 142
6 0.5566904544830322 0.3631601631641388 0.04487532749772072 0.013769607990980148 144
6 0.3110795021057129 0.40102559328079224 0.013033930212259293 0.005646714940667152 157
6 0.29403409361839294 0.4099999666213989 0.013617713004350662 0.005404977593570948 144
6 0.36328125 0.34205126762390137 0.026641640812158585 0.007721323519945145 43
6 0.34680792689323425 0.35515421628952026 0.02568621188402176 0.006508728954941034 43
6 0.33338189125061035 0.35941874980926514 0.033799655735492706 0.010520447045564651 37
6 0.32421875 0.3676922917366028 0.02606061100959778 0.008737323805689812 50
6 0.3142755627632141 0.375384658575058 0.02400738187134266 0.005973403807729483 41
6 0.30552420020103455 0.3795672655105591 0.03004833310842514 0.00703768664970994 35
6 0.3015156090259552 0.3879672586917877 0.016454938799142838 0.005467400420457125 37
6 0.27414771914482117 0.40128207206726074 0.009865088388323784 0.002849847311154008 149
6 0.26970258355140686 0.3976016044616699 0.013993162661790848 0.004713334143161774 152
12 0.2539852559566498 0.37483230233192444 0.03253812715411186 0.006033713463693857 153
6 0.1649692952632904 0.2905677556991577 0.009360287338495255 0.0038590426556766033 71
6 0.19934694468975067 0.32166588306427 0.08090617507696152 0.010646775364875793 45
6 0.2046443074941635 0.31026479601860046 0.049725811928510666 0.009612170979380608 44
6 0.15847089886665344 0.25206393003463745 0.04787831753492355 0.011321554891765118 50
6 0.1196402907371521 0.21304062008857727 0.024001184850931168 0.005929241888225079 48
6 0.06160402670502663 0.13979077339172363 0.08441416174173355 0.01383640244603157 48
6 0.3282800018787384 0.39037561416625977 0.01673487387597561 0.004943708889186382 158
6 0.3445819318294525 0.37939929962158203 0.013066471554338932 0.004157666116952896 144
6 0.5470837950706482 0.35368379950523376 0.03364916890859604 0.008786812424659729 143
6 0.36815962195396423 0.36650195717811584 0.02008228935301304 0.00498793413862586 157
6 0.4286159873008728 0.40819698572158813 0.018486471846699715 0.005026412196457386 143
6 0.42148491740226746 0.40307649970054626 0.017914950847625732 0.005887805484235287 143
6 0.45241475105285645 0.3946153223514557 0.023659322410821915 0.0071904780343174934 140
6 0.44305291771888733 0.38854721188545227 0.020815372467041016 0.005860399454832077 143
6 0.43513473868370056 0.3829936683177948 0.021317388862371445 0.004953471012413502 145
6 0.39458540081977844 0.32419708371162415 0.03232533857226372 0.00905136950314045 41
6 0.4379757344722748 0.3232557773590088 0.033237773925065994 0.007858187891542912 145
6 0.45033860206604004 0.3305017948150635 0.023866258561611176 0.006874680519104004 141
6 0.4260864853858948 0.37559130787849426 0.018935367465019226 0.005330957472324371 135
6 0.41859525442123413 0.37089136242866516 0.01925649866461754 0.00567667605355382 148
6 0.4108664393424988 0.3638461232185364 0.01754111610352993 0.006276547908782959 143
6 0.3984375298023224 0.3869231045246124 0.015517432242631912 0.004965025465935469 146
6 0.3884942829608917 0.3828204870223999 0.02002544328570366 0.006236494984477758 144
6 0.38174718618392944 0.37666669487953186 0.020448260009288788 0.007108636200428009 143
6 0.3996313810348511 0.3601362705230713 0.021958235651254654 0.005712306126952171 149
6 0.3728693127632141 0.3356410264968872 0.02945561893284321 0.008863503113389015 39
6 0.3893924653530121 0.3534238934516907 0.01718658208847046 0.0048476518131792545 152
12 0.6834607124328613 0.5461255311965942 0.1349641978740692 0.005384009797126055 155
6 0.705967903137207 0.5609666705131531 0.023134427145123482 0.006968871224671602 45
6 0.697547972202301 0.5656190514564514 0.025905931368470192 0.006585434544831514 47
12 0.35552117228507996 0.42958804965019226 0.05876610055565834 0.016381384804844856 149
12 0.6196732521057129 0.6574358940124512 0.0690700113773346 0.0317099429666996 156
12 0.3565407395362854 0.35596147179603577 0.21010419726371765 0.045070212334394455 147
12 0.47514206171035767 0.32256412506103516 0.20962396264076233 0.06904225051403046 35
12 0.4108664393424988 0.38025638461112976 0.10083723068237305 0.0480690523982048 35
6 0.42210373282432556 0.301452100276947 0.033298615366220474 0.009199988096952438 37
6 0.41290271282196045 0.31054478883743286 0.03268296271562576 0.0064415838569402695 40
6 0.2954118251800537 0.3918391764163971 0.012454449199140072 0.0035712337121367455 44
6 0.49502846598625183 0.32153844833374023 0.02415592223405838 0.007765669841319323 136
6 0.4847301244735718 0.3161538541316986 0.024810466915369034 0.00885223038494587 141
6 0.4728117287158966 0.30891016125679016 0.025132911279797554 0.00894791167229414 141
6 0.4453125298023224 0.2858974039554596 0.03068167343735695 0.007577981799840927 140
6 0.4240334630012512 0.2741371989250183 0.025108272209763527 0.005111116915941238 141
6 0.43501418828964233 0.2807691991329193 0.02873862162232399 0.008968643844127655 140
6 0.41369739174842834 0.2653917968273163 0.037447404116392136 0.012473000213503838 144
6 0.45383521914482117 0.29307693243026733 0.030583908781409264 0.010899147018790245 137
6 0.17149612307548523 0.44361743330955505 0.018152445554733276 0.006180226802825928 41
6 0.1824006289243698 0.5262718200683594 0.023286549374461174 0.005913956556469202 47
12 0.6626420021057129 0.5774359107017517 0.1077350452542305 0.031189678236842155 155
4 0.21152108907699585 0.42271244525909424 0.011972988024353981 0.003865504637360573 40
6 0.22752878069877625 0.5038323998451233 0.020078258588910103 0.008468080312013626 43
4 0.20459188520908356 0.4270187318325043 0.01420357171446085 0.005205562338232994 41
4 0.5071021914482117 0.9356409311294556 0.010308587923645973 0.005425841547548771 140
4 0.5117186903953552 0.9405127763748169 0.011388733983039856 0.005053965374827385 142
4 0.5248578786849976 0.9512821435928345 0.013325976207852364 0.005328764673322439 150
4 0.21413353085517883 0.6535898447036743 0.011639898642897606 0.004106777720153332 31
4 0.2052556872367859 0.6466666460037231 0.011174249462783337 0.0037061923649162054 33
4 0.1956675797700882 0.6384615302085876 0.012201412580907345 0.004816859029233456 45
4 0.1754261553287506 0.6197435855865479 0.010408456437289715 0.0034399358555674553 43
4 0.2578125 0.5800000429153442 0.00871298462152481 0.003681357018649578 49
4 0.27095168828964233 0.5710257291793823 0.009501670487225056 0.004033307544887066 50
4 0.2791193127632141 0.5692307949066162 0.012089989148080349 0.004564472008496523 49
4 0.10404829680919647 0.5558974742889404 0.010914238169789314 0.004546754062175751 48
4 0.09552556276321411 0.5479486584663391 0.010590199381113052 0.0037721400149166584 38
4 0.08522728830575943 0.530256450176239 0.010603152215480804 0.00511594396084547 41
4 0.052201688289642334 0.5253845453262329 0.013834027573466301 0.004747381899505854 42
4 0.22478696703910828 0.4946154057979584 0.009081339463591576 0.00395765108987689 45
4 0.23792612552642822 0.478205144405365 0.013331443071365356 0.004186494275927544 41
4 0.19815339148044586 0.4307692050933838 0.011307219974696636 0.0042555914260447025 40
6 0.2118000090122223 0.5129011869430542 0.011610596440732479 0.004418313503265381 41
6 0.19892007112503052 0.5145087242126465 0.03246812894940376 0.009405307471752167 45
6 0.6783389449119568 0.5710949301719666 0.022706246003508568 0.005295269191265106 44
6 0.686242938041687 0.49804651737213135 0.027103368192911148 0.0055365231819450855 153
6 0.6925218105316162 0.5321750640869141 0.027285804972052574 0.008581962436437607 158
6 0.6895269155502319 0.5255475044250488 0.0279277004301548 0.0058114416897296906 160
6 0.6658453941345215 0.5351468324661255 0.018792763352394104 0.004636620171368122 159
6 0.6023848056793213 0.5364128351211548 0.009890604764223099 0.00366426189430058 43
6 0.6104834675788879 0.5443494319915771 0.009232981130480766 0.002545920666307211 52
6 0.6067156195640564 0.5457664132118225 0.007899568416178226 0.0035041009541600943 54
6 0.6117391586303711 0.5596557259559631 0.00988720916211605 0.0024945999030023813 36
6 0.6143466234207153 0.5574358701705933 0.010984242893755436 0.0021241153590381145 38
6 0.6168323755264282 0.5551281571388245 0.011339004151523113 0.0024946120101958513 36
6 0.6188257336616516 0.5527370572090149 0.01010049507021904 0.0025700328405946493 38
6 0.6175881028175354 0.584204375743866 0.016587406396865845 0.0031434870325028896 156
6 0.6309465169906616 0.5767039060592651 0.011943531222641468 0.0031829618383198977 158
6 0.6219322085380554 0.5967538356781006 0.0169695895165205 0.006162622012197971 34
6 0.6297885775566101 0.5924851894378662 0.015778400003910065 0.004997330717742443 46
6 0.6426881551742554 0.5898047089576721 0.018850766122341156 0.00419139489531517 48
6 0.6605114340782166 0.5805128216743469 0.018862560391426086 0.006320187821984291 50
6 0.6689242124557495 0.576825737953186 0.02177298814058304 0.005603646393865347 48
6 0.6525920629501343 0.5499878525733948 0.06031956896185875 0.011719116941094398 156
6 0.6588349342346191 0.50242018699646 0.008927945047616959 0.0028094318695366383 49
6 0.7595880627632141 0.9361538887023926 0.1078047826886177 0.02049163356423378 99
6 0.6552388072013855 0.5046433806419373 0.00923595204949379 0.003785784123465419 46
12 0.6885652542114258 0.7633333206176758 0.05139703303575516 0.0072790817357599735 5
6 0.6779118776321411 0.774102509021759 0.014210652559995651 0.0071183303371071815 75
6 0.7056108117103577 0.7769230604171753 0.01633612811565399 0.007266875356435776 103
6 0.7041903138160706 0.7487180233001709 0.022203711792826653 0.008576005697250366 99
6 0.6882102489471436 0.7487179040908813 0.021056724712252617 0.009989879094064236 98
6 0.6773781776428223 0.749454915523529 0.015139973722398281 0.0062903910875320435 100
6 0.6324573755264282 0.669999897480011 0.0188758485019207 0.007047091145068407 56
6 0.621448814868927 0.6728205680847168 0.01702585630118847 0.006259009707719088 59
6 0.6050784587860107 0.6778724789619446 0.00873195007443428 0.003868939122185111 65
6 0.593608558177948 0.6637157201766968 0.010441919788718224 0.004395158030092716 48
6 0.5983664989471436 0.6592307090759277 0.010610740631818771 0.004135661758482456 57
6 0.6085730195045471 0.6541757583618164 0.01896819844841957 0.005079123191535473 51
6 0.6177545189857483 0.6491013169288635 0.01842331886291504 0.004932263866066933 48
6 0.62890625 0.6469230651855469 0.014915856532752514 0.004334442317485809 46
6 0.6360085606575012 0.641025722026825 0.022327790036797523 0.006853575352579355 52
6 0.6786487102508545 0.4908270537853241 0.046230725944042206 0.010082175023853779 155
6 0.7024147510528564 0.48282045125961304 0.008446300402283669 0.004753720015287399 58
6 0.05113636329770088 0.11179488152265549 0.02218560501933098 0.005394779145717621 35
