6 0.7927426695823669 0.15840266644954681 0.022140201181173325 0.009648648090660572 139
6 0.8540040254592896 0.21630865335464478 0.02707507088780403 0.011105858720839024 132
6 0.8475512862205505 0.2066289335489273 0.0283203125 0.011078933253884315 134
6 0.8415498733520508 0.19893720746040344 0.02701038494706154 0.009638998657464981 131
6 0.8254395723342896 0.18579107522964478 0.026240287348628044 0.011739077046513557 135
6 0.8170525431632996 0.17712250351905823 0.028521647676825523 0.008994515985250473 142
6 0.8119140267372131 0.16816407442092896 0.02929687686264515 0.01171875186264515 143
6 0.8698930740356445 0.13160349428653717 0.032521143555641174 0.011026104912161827 139
6 0.8623048067092896 0.1230468899011612 0.03314562886953354 0.011048542335629463 135
6 0.8576660752296448 0.1130371242761612 0.026930823922157288 0.011048542335629463 135
6 0.8487918972969055 0.10725559294223785 0.03108169697225094 0.010370793752372265 134
6 0.8405733108520508 0.09744947403669357 0.028493307530879974 0.01101600006222725 139
6 0.8353087306022644 0.08946914970874786 0.026385266333818436 0.009758935309946537 141
6 0.8247801661491394 0.08341909945011139 0.027576882392168045 0.010372307151556015 134
6 0.8061524033546448 0.15966796875 0.033955782651901245 0.010380849242210388 139
6 0.7898532748222351 0.14780662953853607 0.02774391695857048 0.010381001979112625 139
6 0.8262568116188049 0.2523527443408966 0.03108169697225094 0.011045815423130989 134
6 0.7823076248168945 0.14103925228118896 0.030414866283535957 0.010378681123256683 138
6 0.3671874701976776 0.4458007514476776 0.03960874676704407 0.013808554038405418 134
6 0.3767090141773224 0.4548340439796448 0.038669902831315994 0.013120145536959171 135
6 0.38427734375 0.4653320610523224 0.0394149124622345 0.013138305395841599 138
6 0.3930663764476776 0.47802734375 0.048572469502687454 0.015870608389377594 134
6 0.4038086235523224 0.48779296875 0.04235081374645233 0.012402082793414593 131
6 0.4130859375 0.4960936903953552 0.04580353945493698 0.014488874934613705 134
6 0.42333984375 0.5048828721046448 0.044144157320261 0.01241554319858551 132
6 0.4344988465309143 0.5140053629875183 0.042398735880851746 0.013726210221648216 129
6 0.43994140625 0.5263671875 0.04098140075802803 0.01380869559943676 134
6 0.4536133408546448 0.5336914658546448 0.03702166676521301 0.014511659741401672 136
6 0.46240234375 0.54248046875 0.034012049436569214 0.013137822039425373 139
6 0.4702147841453552 0.55322265625 0.04332517832517624 0.015183848328888416 137
6 0.4806159734725952 0.56233149766922 0.04283537715673447 0.013848026283085346 137
6 0.8619950413703918 0.2254430204629898 0.02501220442354679 0.010370914824306965 141
6 0.8366700410842896 0.2580566704273224 0.026930823922157288 0.011048542335629463 135
6 0.9072266817092896 0.2690429985523224 0.028556033968925476 0.00966460071504116 136
6 0.9223634004592896 0.1811523735523224 0.029263200238347054 0.010338093154132366 136
6 0.9099012613296509 0.16476765275001526 0.02563360333442688 0.00825930293649435 140
6 0.9921876192092896 0.3505859673023224 0.02900242619216442 0.009667475707828999 135
6 0.9826661348342896 0.3435059189796448 0.028311889618635178 0.012429609894752502 135
6 0.973388671875 0.336181640625 0.026930823922157288 0.011048542335629463 135
6 0.94775390625 0.37548828125 0.03242281451821327 0.009750773198902607 140
6 0.9366558790206909 0.36800622940063477 0.03731440007686615 0.011092088185250759 137
6 0.9594727158546448 0.3217773735523224 0.02736448124051094 0.010372307151556015 136
6 0.95428067445755 0.31233811378479004 0.027655860409140587 0.009655412286520004 138
6 0.9453760385513306 0.30756235122680664 0.028387578204274178 0.0117581682279706 139
6 0.936279296875 0.300537109375 0.026240291073918343 0.008976941928267479 135
6 0.9327696561813354 0.28792688250541687 0.03246244043111801 0.01175110973417759 134
6 0.9223633408546448 0.2827148735523224 0.03091655671596527 0.011037148535251617 132
6 0.9159493446350098 0.2749752402305603 0.029035286977887154 0.010379130020737648 132
6 0.9001466035842896 0.2604981064796448 0.027621358633041382 0.011739077046513557 135
6 0.8413085341453552 0.2695312201976776 0.03409682214260101 0.012427023611962795 134
6 0.8923341035842896 0.2546387314796448 0.024859219789505005 0.008976940996944904 135
6 0.8870419263839722 0.24499259889125824 0.03049326501786709 0.011759370565414429 138
6 0.8764649033546448 0.2392578274011612 0.027361158281564713 0.010517962276935577 141
6 0.8692471385002136 0.23183321952819824 0.0227980837225914 0.009663039818406105 137
6 0.9302734136581421 0.35957032442092896 0.03325984627008438 0.01101600006222725 139
6 0.9221192598342896 0.3498535752296448 0.03314562886953354 0.011739077046513557 135
6 0.9134396910667419 0.3424491286277771 0.03179457038640976 0.009718339890241623 137
6 0.9077149033546448 0.3325195908546448 0.02736448124051094 0.010372307151556015 134
6 0.89013671875 0.3193359375 0.03132716193795204 0.011045815423130989 136
6 0.8820801973342896 0.3112793564796448 0.033836159855127335 0.011048542335629463 135
6 0.8735350966453552 0.3037109076976776 0.033608175814151764 0.01107542123645544 136
6 0.8691407442092896 0.2919922173023224 0.02929687313735485 0.01171875 136
6 0.8583983778953552 0.287109375 0.032032862305641174 0.011720838025212288 134
6 0.8486329317092896 0.2792969346046448 0.03452669829130173 0.012429609894752502 135
6 0.48876953125 0.57421875 0.04098140075802803 0.01380869559943676 134
6 0.50244140625 0.5810546875 0.03849006071686745 0.01308559812605381 133
6 0.5161618590354919 0.6020948886871338 0.040793921798467636 0.014517643488943577 132
6 0.23753860592842102 0.30979660153388977 0.03665689006447792 0.012409746646881104 132
6 0.3022461235523224 0.52978515625 0.04097907617688179 0.013850070536136627 137
6 0.2915039360523224 0.52197265625 0.04535740241408348 0.014510119333863258 134
6 0.2807617485523224 0.51220703125 0.04419416934251785 0.01519174687564373 135
6 0.2705078125 0.50341796875 0.03960874676704407 0.013808554038405418 134
6 0.2578125 0.4956054091453552 0.03326063230633736 0.014517387375235558 133
6 0.25341796875 0.482421875 0.03989998996257782 0.013234399259090424 131
6 0.2431640625 0.47216796875 0.04258229583501816 0.013089858926832676 133
6 0.2329971343278885 0.46377354860305786 0.03731440007686615 0.011756591498851776 133
6 0.22607421875 0.4516601860523224 0.04343981668353081 0.011690986342728138 132
6 0.20873047411441803 0.4503711462020874 0.02441406436264515 0.010351561941206455 127
6 0.20193630456924438 0.43731141090393066 0.03389942646026611 0.012408163398504257 132
6 0.196533203125 0.426025390625 0.03728882968425751 0.011739077046513557 135
6 0.1865234225988388 0.4150390326976776 0.03703799471259117 0.01315823569893837 136
6 0.22186681628227234 0.30305802822113037 0.032521143555641174 0.013870606198906898 139
6 0.2456054985523224 0.31982421875 0.03777444362640381 0.012421094812452793 133
6 0.5285645127296448 0.6110840439796448 0.03659829869866371 0.012429611757397652 135
6 0.2539062798023224 0.32958984375 0.03733331337571144 0.012487797997891903 138
6 0.26292338967323303 0.34007883071899414 0.040794141590595245 0.013792862184345722 138
6 0.2797851264476776 0.36279296875 0.045017387717962265 0.013138031587004662 138
6 0.2795410454273224 0.3430176079273224 0.019334951415657997 0.008976941928267479 135
6 0.2939453125 0.36767578125 0.03284277021884918 0.011132645420730114 129
6 0.3078613579273224 0.388427734375 0.04626576974987984 0.01519174687564373 135
6 0.3225097954273224 0.3957520127296448 0.03452669829130173 0.011739077046513557 135
6 0.32981303334236145 0.40702730417251587 0.03665689006447792 0.013866657391190529 138
6 0.3373209834098816 0.41902944445610046 0.04074735566973686 0.01380869559943676 134
6 0.34912109375 0.4267578423023224 0.03659829869866371 0.013120143674314022 135
6 0.6642254590988159 0.6677952408790588 0.04212822765111923 0.013107062317430973 136
6 0.6513671875 0.6611328125 0.034265898168087006 0.013131503015756607 134
6 0.6437202095985413 0.6502189636230469 0.03798564895987511 0.011749692261219025 134
6 0.6354249715805054 0.6399765610694885 0.04074735566973686 0.013106558471918106 134
6 0.3034668266773224 0.5471192002296448 0.0255497545003891 0.011048542335629463 135
6 0.3271484673023224 0.5537109375 0.04557523503899574 0.026240287348628044 135
6 0.33935546875 0.5703125596046448 0.043503642082214355 0.011739077046513557 135
6 0.35652652382850647 0.5892685055732727 0.040074773132801056 0.013136149384081364 133
6 0.53662109375 0.6240234971046448 0.044495776295661926 0.014516046270728111 131
6 0.547090470790863 0.6301286816596985 0.035278111696243286 0.012489262968301773 132
6 0.5548474192619324 0.6404594779014587 0.03936649113893509 0.013130239211022854 134
6 0.5629883408546448 0.6508789658546448 0.03452669829130173 0.013810679316520691 135
6 0.5757765173912048 0.6581224799156189 0.038768425583839417 0.013136001303792 139
6 0.5839991569519043 0.6680026054382324 0.040794141590595245 0.013068151660263538 138
6 0.59326171875 0.67919921875 0.0412154458463192 0.013129962608218193 136
6 0.6044828295707703 0.6884849667549133 0.03803582489490509 0.013138281181454659 138
6 0.614013671875 0.698974609375 0.04143203794956207 0.01450121309608221 135
6 0.621410071849823 0.7115856409072876 0.03660481423139572 0.011723960749804974 134
6 0.5493807792663574 0.7801923751831055 0.04627092555165291 0.013788529671728611 134
6 0.5375975966453552 0.77197265625 0.04332517832517624 0.015183848328888416 133
6 0.5244712829589844 0.7656216025352478 0.035278111696243286 0.013219154439866543 132
6 0.5166016221046448 0.75390625 0.03488108888268471 0.011888732202351093 129
6 0.5065662860870361 0.7453627586364746 0.03876163065433502 0.013138305395841599 132
6 0.4966689944267273 0.7342813611030579 0.03731440007686615 0.011756591498851776 133
6 0.4868772029876709 0.727472722530365 0.03179457038640976 0.011757992208003998 133
6 0.4821777939796448 0.7141113877296448 0.04350363835692406 0.01519174687564373 135
6 0.46966782212257385 0.7066062092781067 0.038694556802511215 0.014516620896756649 133
6 0.4597811698913574 0.6964467763900757 0.040074773132801056 0.013850070536136627 133
6 0.4495090842247009 0.6887536644935608 0.03803582489490509 0.012335944920778275 132
6 0.4399414658546448 0.67626953125 0.03717588260769844 0.011752041056752205 130
6 0.43025556206703186 0.669010579586029 0.03676022216677666 0.013879559002816677 129
6 0.4243164658546448 0.65478515625 0.044797297567129135 0.013869931921362877 131
6 0.4135742485523224 0.64697265625 0.043033722788095474 0.013107062317430973 134
6 0.3946923613548279 0.6277437806129456 0.038768425583839417 0.012496421113610268 131
6 0.38338109850883484 0.6190459728240967 0.04226383566856384 0.013877339661121368 130
6 0.3745117485523224 0.6093750596046448 0.03823671117424965 0.013808398507535458 134
6 0.36524274945259094 0.6005765795707703 0.03803582489490509 0.013138281181454659 132
6 0.9317440390586853 0.18859723210334778 0.022879384458065033 0.00963900052011013 139
6 0.9443965554237366 0.20562025904655457 0.03316953405737877 0.012489262968301773 132
6 0.9609376192092896 0.21875005960464478 0.023478154093027115 0.009667474776506424 135
6 0.3479004204273224 0.013916028663516045 0.050408974289894104 0.01519174687564373 45
6 0.3662109375 0.008300796151161194 0.035505782812833786 0.013779625296592712 44
6 0.39595863223075867 0.0015054205432534218 0.020037082955241203 0.017277155071496964 43
6 0.3295898735523224 0.65087890625 0.05248057469725609 0.01519174687564373 135
6 0.1271972954273224 0.3225097954273224 0.04695630818605423 0.017263349145650864 135
6 0.1533203125 0.3876952528953552 0.0353592149913311 0.013138055801391602 132
6 0.16843044757843018 0.39304468035697937 0.05002138391137123 0.01449795626103878 129
6 0.17464515566825867 0.4073924422264099 0.03522399812936783 0.0117503572255373 134
6 0.0268554650247097 0.3300781548023224 0.05416255444288254 0.015894759446382523 44
6 0.01644868217408657 0.3465413749217987 0.06492488086223602 0.019359953701496124 46
6 0.008808943443000317 0.3646809160709381 0.041565608233213425 0.016434546560049057 48
6 0.2421875 0.5654297471046448 0.0510995127260685 0.017953883856534958 135
6 0.25548455119132996 0.5731091499328613 0.04416489973664284 0.015253391116857529 130
6 0.265869140625 0.585205078125 0.04695630818605423 0.015882281586527824 135
6 0.27682915329933167 0.5971965789794922 0.04907165467739105 0.014517434872686863 133
6 0.2895508110523224 0.6044922471046448 0.045123711228370667 0.015189949423074722 134
6 0.299338161945343 0.6167258024215698 0.04850975051522255 0.014635378494858742 141
6 0.30792564153671265 0.6305462718009949 0.053175605833530426 0.014508959837257862 136
6 0.3363630473613739 0.024340689182281494 0.054556556046009064 0.015208011493086815 44
6 0.3242187201976776 0.0366210974752903 0.057506013661623 0.015173543244600296 46
6 0.31298828125 0.0458984300494194 0.051624394953250885 0.012447365559637547 44
6 0.2978515625 0.0517578050494194 0.039487507194280624 0.011759145185351372 48
12 0.6754923462867737 0.2570381760597229 0.5842064023017883 0.017267821356654167 45
12 0.5566756725311279 0.366728812456131 0.5738440752029419 0.015199780464172363 45
12 0.4413297474384308 0.48185497522354126 0.5738840103149414 0.01657136343419552 46
12 0.32275390625 0.59765625 0.5753743648529053 0.016572266817092896 45
6 0.1254883110523224 0.4404297173023224 0.044209837913513184 0.015240240842103958 138
6 0.1005859300494194 0.4228515625 0.05248057469725609 0.01657281443476677 135
6 0.1452637016773224 0.4650879502296448 0.0504089780151844 0.01657281443476677 135
6 0.1577148288488388 0.4750976860523224 0.04695630818605423 0.01519174687564373 135
6 0.1660155951976776 0.48876953125 0.053408753126859665 0.017952371388673782 136
6 0.1787109524011612 0.4985350966453552 0.04902791604399681 0.015882285311818123 135
6 0.1865234524011612 0.5122070908546448 0.05731431767344475 0.015882279723882675 135
6 0.2021484524011612 0.5185546875 0.04554692283272743 0.015888459980487823 131
6 0.2114257663488388 0.5322265625 0.050313543528318405 0.016531869769096375 131
6 0.22624026238918304 0.5392636060714722 0.04088754206895828 0.01576724275946617 130
6 0.234375 0.5502930283546448 0.04212257266044617 0.01450121309608221 135
6 0.12858529388904572 0.22428378462791443 0.04903277009725571 0.01589043065905571 44
6 0.13906832039356232 0.21085679531097412 0.04290211573243141 0.014515587128698826 41
6 0.15083514153957367 0.1996700018644333 0.049890775233507156 0.015253961086273193 40
6 0.15869140625 0.18701171875 0.043057456612586975 0.013879489153623581 39
6 0.1743164211511612 0.18115234375 0.057011041790246964 0.015187229961156845 46
6 0.1914062649011612 0.1718750149011612 0.056139323860406876 0.016552135348320007 42
6 0.2021484375 0.1508788913488388 0.047281134873628616 0.013134775683283806 43
6 0.21728515625 0.142578125 0.055773526430130005 0.01677895523607731 51
6 0.2270507961511612 0.1240234524011612 0.046497639268636703 0.01519005373120308 44
6 0.2387695610523224 0.1103515774011612 0.043503642082214355 0.011739077046513557 45
6 0.25927734375 0.09033203125 0.0404287651181221 0.013250982388854027 40
6 0.27452245354652405 0.08505672216415405 0.0560397133231163 0.015894651412963867 41
6 0.27897125482559204 0.06803999841213226 0.03660481423139572 0.011750017292797565 46
6 0.2875976860523224 0.0595703199505806 0.0379793681204319 0.011739076115190983 45
6 0.3193359375 0.6396484971046448 0.051099520176649094 0.015191749669611454 135
6 0.3408203125 0.6611328125 0.05015945807099342 0.015185890719294548 133
6 0.9736328721046448 0.2348632514476776 0.029957860708236694 0.011045556515455246 136
6 0.9482421875 0.7382813096046448 0.06300657242536545 0.01793617755174637 48
6 0.754717230796814 0.8299182653427124 0.03936649113893509 0.013130239211022854 44
6 0.767578125 0.8183594346046448 0.035437487065792084 0.012474877759814262 43
6 0.7762073874473572 0.8846001029014587 0.03936649113893509 0.01313023827970028 46
6 0.79345703125 0.9082030653953552 0.03376627713441849 0.011111125349998474 19
6 0.79964280128479 0.9270671606063843 0.0282420814037323 0.011758913286030293 48
6 0.8455546498298645 0.8260295987129211 0.06492488086223602 0.019330574199557304 44
6 0.8408203721046448 0.8730469346046448 0.04833737760782242 0.01519174687564373 45
6 0.796875 0.8671875 0.07891440391540527 0.019482608884572983 49
6 0.8690922856330872 0.8940478563308716 0.01962866261601448 0.00971716083586216 84
6 0.8766085505485535 0.7874852418899536 0.056030429899692535 0.01589728519320488 43
6 0.8914212584495544 0.7781252264976501 0.06284238398075104 0.014523101039230824 46
6 0.9025837779045105 0.7678661942481995 0.05476577952504158 0.016004610806703568 50
6 0.9160156846046448 0.7573241591453552 0.058136265724897385 0.015897149220108986 48
6 0.931640625 0.7465819716453552 0.06209726631641388 0.017943689599633217 47
6 0.95654296875 0.7207030653953552 0.06249287724494934 0.015925252810120583 44
6 0.3520508408546448 0.6718749403953552 0.04971298947930336 0.015178201720118523 133
6 0.965987503528595 0.7023239135742188 0.053175605833530426 0.015871979296207428 44
6 0.980169415473938 0.6925528049468994 0.0656915232539177 0.016622494906187057 42
6 0.9877540469169617 0.6745898723602295 0.04979511722922325 0.018922144547104836 42
6 0.9939834475517273 0.65611332654953 0.029765136539936066 0.015891827642917633 41
6 0.99462890625 0.2607422173023224 0.031569041311740875 0.009764871560037136 126
6 0.9885255098342896 0.248779296875 0.029692966490983963 0.012429613620042801 135
6 0.8019168376922607 0.7687210440635681 0.03108169697225094 0.010370793752372265 46
6 0.814526379108429 0.7544652819633484 0.04212822765111923 0.012427940033376217 44
6 0.7851563096046448 0.7451172471046448 0.040050968527793884 0.01519174687564373 135
6 0.7499999403953552 0.7080077528953552 0.03100893273949623 0.009752809070050716 50
6 0.3627929985523224 0.68212890625 0.04992746189236641 0.014490049332380295 134
6 0.3740234971046448 0.6923828721046448 0.04695630818605423 0.013810679316520691 135
6 0.3830566704273224 0.7038574814796448 0.044884707778692245 0.01519174687564373 135
6 0.3945312798023224 0.7128906846046448 0.04281310364603996 0.01519174687564373 135
6 0.40478515625 0.728515625 0.04740450903773308 0.016591576859354973 136
6 0.4157714545726776 0.738525390625 0.04902791604399681 0.013810680247843266 135
6 0.4279293119907379 0.7468875646591187 0.04283537715673447 0.016564197838306427 137
6 0.4363555312156677 0.7625870108604431 0.053275153040885925 0.017210960388183594 132
6 0.44921875 0.7709962129592896 0.046497639268636703 0.01519005373120308 134
6 0.4584961235523224 0.7841797471046448 0.052625805139541626 0.014517460018396378 132
6 0.4698854386806488 0.7938052415847778 0.04973762854933739 0.015224238857626915 133
6 0.4909668564796448 0.8146973848342896 0.04488470405340195 0.01519174687564373 135
6 0.4807129502296448 0.8049317598342896 0.04419416934251785 0.013120143674314022 135
6 0.5022741556167603 0.8258559107780457 0.047651853412389755 0.014509699307382107 134
6 0.5040950179100037 0.8787424564361572 0.06430634111166 0.017277155071496964 43
6 0.3168945610523224 0.8999024629592896 0.040050968527793884 0.011048542335629463 135
6 0.3330078721046448 0.9072266817092896 0.07181552797555923 0.019334949553012848 135
6 0.2822677493095398 0.8783653974533081 0.028521647676825523 0.012505387887358665 128
6 0.2439618706703186 0.9376999139785767 0.024897558614611626 0.009652591310441494 132
6 0.3369141221046448 0.927734375 0.052730172872543335 0.014630972407758236 140
6 0.3586612939834595 0.9566931128501892 0.05985778197646141 0.014896733686327934 146
6 0.3652832508087158 0.9726243019104004 0.05715185031294823 0.01625281758606434 147
6 0.3728069067001343 0.9890969395637512 0.06284237653017044 0.017072608694434166 147
6 0.6700688600540161 0.8763650059700012 0.029523862525820732 0.009206017479300499 146
6 0.6411566734313965 0.8080089092254639 0.05644666403532028 0.014833934605121613 53
6 0.6590856313705444 0.7918819785118103 0.052643872797489166 0.0138765349984169 50
6 0.67724609375 0.77197265625 0.04407638683915138 0.016013910993933678 51
6 0.7724609971046448 0.7299805283546448 0.03960874676704407 0.013808554038405418 134
6 0.7577338218688965 0.697677731513977 0.043509114533662796 0.01380893774330616 44
6 0.6245117783546448 0.6303711533546448 0.03728882968425751 0.013810679316520691 135
6 0.615966796875 0.618896484375 0.04281310364603996 0.013120143674314022 135
6 0.6064452528953552 0.6103515625 0.04026283696293831 0.011725158430635929 134
6 0.60791015625 0.14990234375 0.0370737761259079 0.01175001636147499 134
6 0.765224277973175 0.3114282190799713 0.03317439183592796 0.010377777740359306 133
6 0.7553710341453552 0.3046874701976776 0.029957860708236694 0.011045556515455246 134
6 0.7480469346046448 0.2983399033546448 0.028862787410616875 0.010310600511729717 132
6 0.7416992783546448 0.2890625298023224 0.030634354799985886 0.010378681123256683 132
6 0.7331543564796448 0.2800293266773224 0.03176456317305565 0.013120143674314022 135
6 0.7185800075531006 0.26479196548461914 0.03455431014299393 0.011094913817942142 133
6 0.7102051377296448 0.256103515625 0.03314562886953354 0.008976941928267479 135
6 0.7018967866897583 0.24686646461486816 0.03389952331781387 0.012406379915773869 131
6 0.6941834688186646 0.23647452890872955 0.03384321182966232 0.013131503015756607 136
6 0.6704037189483643 0.21626386046409607 0.03803582489490509 0.01168404333293438 138
6 0.6542968153953552 0.1982421576976776 0.035106293857097626 0.013799644075334072 133
6 0.6435547471046448 0.1933594048023224 0.027895487844944 0.010336905717849731 134
6 0.6376953125 0.1826172024011612 0.03369184210896492 0.012418833561241627 133
6 0.61572265625 0.15771484375 0.03340253233909607 0.011721733957529068 136
6 0.5981445908546448 0.1430664211511612 0.03200218454003334 0.010340109467506409 136
6 0.5895996689796448 0.1350097954273224 0.031074028462171555 0.009667474776506424 135
6 0.5837173461914062 0.12382771819829941 0.03389952331781387 0.009649407118558884 139
6 0.577392578125 0.115966796875 0.033836159855127335 0.009667474776506424 135
6 0.5751953125 0.0024414367508143187 0.014977478422224522 0.009656531736254692 138
6 0.609375 0.03417966514825821 0.03369184210896492 0.012418835423886776 133
6 0.6190724968910217 0.04353107511997223 0.03317439183592796 0.01175764761865139 133
6 0.6276040077209473 0.052090004086494446 0.03384321182966232 0.01175072230398655 136
6 0.64111328125 0.06640625 0.032668083906173706 0.009665288031101227 136
6 0.6495731472969055 0.07406630367040634 0.03246244043111801 0.011751110665500164 136
6 0.66455078125 0.09375004470348358 0.03911281377077103 0.014513559639453888 131
6 0.6826171875 0.10595700144767761 0.02916666679084301 0.011758633889257908 138
6 0.6899413466453552 0.1147460788488388 0.03015051782131195 0.010371264070272446 136
6 0.7734375 0.3212890326976776 0.032032862305641174 0.011720838025212288 134
6 0.7841796875 0.3271484076976776 0.03343190997838974 0.013102488592267036 134
6 0.7949219346046448 0.3461913764476776 0.02725827880203724 0.012425526976585388 134
6 0.805853009223938 0.3527090549468994 0.029760798439383507 0.013138305395841599 132
6 0.6376953721046448 0.25732421875 0.0379793681204319 0.013120143674314022 135
6 0.655681848526001 0.27640795707702637 0.038694556802511215 0.014565912075340748 137
6 0.6669922471046448 0.2851563096046448 0.03728882968425751 0.012429611757397652 135
6 0.673676609992981 0.2996699810028076 0.04363131895661354 0.01305695716291666 132
6 0.6862793564796448 0.3044433891773224 0.03452669829130173 0.013120143674314022 135
6 0.690960705280304 0.31896528601646423 0.0412127822637558 0.014439518563449383 126
6 0.7053223252296448 0.3249512016773224 0.03659829869866371 0.015191745944321156 135
6 0.713056206703186 0.3348010778427124 0.03936649113893509 0.01313023827970028 136
6 0.7221680283546448 0.3447265923023224 0.04074149951338768 0.01450121309608221 135
6 0.7325344681739807 0.351149320602417 0.03461899235844612 0.014517643488943577 138
6 0.7444721460342407 0.36295565962791443 0.03798564895987511 0.013130530714988708 134
6 0.7526856064796448 0.3728027939796448 0.03590776398777962 0.013120143674314022 135
6 0.76025390625 0.3837890625 0.04164540022611618 0.01456399168819189 137
6 0.7693525552749634 0.3937119245529175 0.04212822765111923 0.01315233763307333 136
6 0.7822265028953552 0.4013672173023224 0.035106293857097626 0.013799644075334072 133
6 0.7890624403953552 0.4121093153953552 0.03982677683234215 0.013130239211022854 136
6 0.7961122393608093 0.4231018126010895 0.04493248835206032 0.013859666883945465 138
6 0.81201171875 0.4291992485523224 0.029829218983650208 0.009003233164548874 139
6 0.81787109375 0.44189453125 0.03980255126953125 0.014511095359921455 136
6 0.8361817598342896 0.4616699814796448 0.04074149951338768 0.013810678385198116 135
6 0.84619140625 0.4702148139476776 0.03843756392598152 0.013130530714988708 136
6 0.8866011500358582 0.4338555634021759 0.03263823315501213 0.011600159108638763 129
6 0.8790408372879028 0.37680160999298096 0.028384685516357422 0.011759370565414429 42
6 0.8632004261016846 0.41008350253105164 0.035277433693408966 0.013138305395841599 132
6 0.8540670275688171 0.4003225266933441 0.035934314131736755 0.013136990368366241 133
6 0.8432559370994568 0.39509937167167664 0.029765136539936066 0.011662552133202553 131
6 0.8374024629592896 0.3857422471046448 0.032455094158649445 0.011739077046513557 135
6 0.8200684785842896 0.3718262314796448 0.027621358633041382 0.010358009487390518 135
6 0.8140755295753479 0.3614765405654907 0.033244989812374115 0.013138305395841599 132
6 0.646056592464447 0.004951949696987867 0.023518022149801254 0.010381001979112625 139
6 0.6181641221046448 0.2373047173023224 0.038669899106025696 0.011048542335629463 135
6 0.21630859375 0.7548828125 0.04651825875043869 0.016570966690778732 134
6 0.040551163256168365 0.5742193460464478 0.056640625 0.029667293652892113 136
6 0.051355991512537 0.5946453213691711 0.044215746223926544 0.014515705406665802 137
6 0.06443285942077637 0.6059348583221436 0.04697198048233986 0.01661716401576996 137
6 0.08471677452325821 0.6257324814796448 0.04695630818605423 0.014501212164759636 135
6 0.09772219508886337 0.6361662149429321 0.05179464817047119 0.013809451833367348 136
6 0.10595700889825821 0.6499024033546448 0.04557524248957634 0.013810679316520691 135
6 0.12011714279651642 0.6586914658546448 0.05179005116224289 0.015882285311818123 135
6 0.12166333198547363 0.6766725182533264 0.0283203125 0.00966460071504116 134
6 0.14780808985233307 0.6900904178619385 0.05111818015575409 0.015186202712357044 133
6 0.15925616025924683 0.7015992403030396 0.04903277009725571 0.013789859600365162 136
6 0.1679687350988388 0.7153320908546448 0.04212257266044617 0.01450121309608221 135
6 0.17684464156627655 0.7269773483276367 0.04212822765111923 0.013831459917128086 134
6 0.1923827826976776 0.7333984375 0.0450386106967926 0.0172768272459507 132
6 0.20410162210464478 0.7451172471046448 0.045314185321331024 0.016540540382266045 131
6 0.2236327826976776 0.767578125 0.05054604262113571 0.014517338946461678 133
6 0.65478515625 0.011718781664967537 0.02810267172753811 0.010375314392149448 141
6 0.22940464317798615 0.7837512493133545 0.04145505279302597 0.014470160007476807 133
6 0.24560552835464478 0.7890625 0.05254904553294182 0.016614768654108047 133
6 0.2590331435203552 0.7995606660842896 0.05731431767344475 0.01657281443476677 135
6 0.26708984375 0.814453125 0.04653831198811531 0.01662963442504406 139
6 0.28466796875 0.8374024033546448 0.042534612119197845 0.011756249703466892 140
6 0.9969335198402405 0.9158449769020081 0.01809512823820114 0.0166015625 118
6 0.99169921875 0.9340819716453552 0.029811276122927666 0.017417825758457184 31
6 0.9941214323043823 0.955555260181427 0.021439939737319946 0.013566765934228897 30
6 0.9838866591453552 0.966796875 0.049565501511096954 0.016250982880592346 34
6 0.9547855257987976 0.9894236326217651 0.055860746651887894 0.017413800582289696 36
6 0.73193359375 0.003906279802322388 0.016857121139764786 0.009718339890241623 133
6 0.66015625 0.02148434892296791 0.02244034968316555 0.00976412184536457 128
6 0.6779067516326904 0.0339786559343338 0.029035286977887154 0.011101726442575455 138
6 0.684814453125 0.0427246168255806 0.02554975636303425 0.009667475707828999 135
6 0.6994629502296448 0.056396521627902985 0.026930823922157288 0.011048542335629463 135
6 0.7084076404571533 0.06453420966863632 0.03179457038640976 0.01037822850048542 137
6 0.71728515625 0.07128909230232239 0.031575024127960205 0.01031597051769495 138
6 0.7308018207550049 0.08657421916723251 0.03108169697225094 0.01175151951611042 136
6 0.7377856373786926 0.09418102353811264 0.029765136539936066 0.00890711322426796 139
6 0.7448731064796448 0.1022949367761612 0.03176456317305565 0.011739076115190983 135
6 0.7511978149414062 0.109605573117733 0.028387578204274178 0.009641697630286217 139
6 0.7599560022354126 0.11603575199842453 0.03317439183592796 0.012418835423886776 137
6 0.7666318416595459 0.1255229115486145 0.030408067628741264 0.011115940287709236 139
6 0.7749022841453552 0.1333007663488388 0.025436757132411003 0.010497086681425571 140
6 0.698486328125 0.1223144680261612 0.03038349375128746 0.011739077046513557 135
6 0.7063738703727722 0.12957978248596191 0.030414866283535957 0.011037148535251617 132
6 0.715368926525116 0.13761933147907257 0.030414866283535957 0.011695614084601402 138
6 0.7241986989974976 0.14540964365005493 0.026939677074551582 0.009699699468910694 136
6 0.7307129502296448 0.1555175632238388 0.03176455944776535 0.013120143674314022 135
6 0.7529296875 0.1791992336511612 0.03245509788393974 0.013120143674314022 135
6 0.7631837129592896 0.18798837065696716 0.026240287348628044 0.011048542335629463 135
6 0.7700194716453552 0.1962890326976776 0.029059473425149918 0.009742481634020805 131
6 0.7783203125 0.2041015774011612 0.029461005702614784 0.01112971268594265 130
6 0.7861673831939697 0.2118838131427765 0.031143005937337875 0.011759011074900627 139
6 0.79443359375 0.2202148139476776 0.0294951219111681 0.009656530804932117 138
6 0.8020259737968445 0.228709414601326 0.032521143555641174 0.012492341920733452 139
6 0.81689453125 0.24169915914535522 0.031143005937337875 0.010381001979112625 139
6 0.7637198567390442 0.015584973618388176 0.022881587967276573 0.009002592414617538 140
6 0.752964198589325 0.010395880788564682 0.03008383698761463 0.009541871026158333 126
6 0.7429854273796082 0.0070357657968997955 0.024897558614611626 0.009652591310441494 132
6 0.62646484375 0.248046875 0.03756997734308243 0.011756591498851776 133
6 0.6064453721046448 0.2299804985523224 0.04074149951338768 0.013120143674314022 135
6 0.5980682969093323 0.5996880531311035 0.043509114533662796 0.01380893774330616 134
6 0.55126953125 0.39794921875 0.036358945071697235 0.011040380224585533 133
6 0.3961188793182373 0.2444489449262619 0.04088754206895828 0.013248216360807419 140
6 0.40403345227241516 0.2566475570201874 0.04713874310255051 0.014505785889923573 140
6 0.41650390625 0.2666015625 0.040957994759082794 0.012427826412022114 136
6 0.4250488877296448 0.2775879204273224 0.04695630818605423 0.015882279723882675 135
6 0.4379883110523224 0.2832031548023224 0.03838782757520676 0.01032535545527935 133
6 0.4541015625 0.3056640625 0.0418691411614418 0.012422713451087475 133
6 0.466064453125 0.3166503608226776 0.04833738133311272 0.015882285311818123 135
6 0.4853515923023224 0.3310546875 0.040050968527793884 0.012429609894752502 135
6 0.4941405951976776 0.34228515625 0.03960874676704407 0.013808554038405418 134
6 0.5050486922264099 0.35042643547058105 0.03522399812936783 0.0117503572255373 136
6 0.51171875 0.3623047173023224 0.04281310737133026 0.012429609894752502 135
6 0.5214844346046448 0.373046875 0.04102667048573494 0.01246982254087925 137
6 0.532067060470581 0.38200175762176514 0.03522399812936783 0.0117503572255373 134
6 0.5427906513214111 0.38977479934692383 0.03601384907960892 0.012392998673021793 131
6 0.5595703125 0.41015625 0.04237525165081024 0.01384902372956276 137
6 0.7191244959831238 0.5748584866523743 0.0455961674451828 0.012382077984511852 133
6 0.5700684189796448 0.42016610503196716 0.0379793681204319 0.012429609894752502 135
6 0.57958984375 0.4291991889476776 0.03777444362640381 0.012421094812452793 133
6 0.5968205332756042 0.43195775151252747 0.02150655910372734 0.009755551815032959 129
6 0.5988597869873047 0.44652339816093445 0.03803582489490509 0.012486381456255913 138
6 0.6083984971046448 0.4570313096046448 0.04170135036110878 0.011901388876140118 142
6 0.6186524033546448 0.4658203721046448 0.03521723300218582 0.011739077046513557 135
6 0.6259765625 0.4755859971046448 0.03823447972536087 0.012472210451960564 137
6 0.635992169380188 0.48408159613609314 0.03463700786232948 0.009636688977479935 130
6 0.6454192399978638 0.49518582224845886 0.038285739719867706 0.014646722003817558 142
6 0.6570935845375061 0.5054798126220703 0.04163869097828865 0.010375316254794598 141
6 0.6632488965988159 0.5184029340744019 0.04074735566973686 0.014487428590655327 134
6 0.6848897337913513 0.5328774452209473 0.03660481423139572 0.011750017292797565 136
6 0.6939127445220947 0.5458311438560486 0.04074735566973686 0.011046956293284893 134
6 0.70361328125 0.5556640625 0.04170810803771019 0.013135869987308979 133
6 0.39031922817230225 0.23274166882038116 0.03455431014299393 0.012419679202139378 137
6 0.3803711235523224 0.2246094048023224 0.04074149951338768 0.011739077046513557 135
6 0.37053465843200684 0.21491697430610657 0.04212822765111923 0.012427940033376217 134
6 0.3590238094329834 0.20739048719406128 0.0455961674451828 0.012423908337950706 137
6 0.5886964201927185 0.5909969806671143 0.04074735566973686 0.011749094352126122 134
6 0.5780346989631653 0.5831016898155212 0.0372561439871788 0.015892483294010162 134
6 0.5661907196044922 0.5729963779449463 0.035278111696243286 0.011029478162527084 132
6 0.56298828125 0.5581054091453552 0.045017387717962265 0.013138031587004662 138
6 0.5415905117988586 0.5428792834281921 0.04212822765111923 0.015189704485237598 134
6 0.5311731696128845 0.5347143411636353 0.038694556802511215 0.01446732971817255 133
6 0.52294921875 0.5224609375 0.0403127484023571 0.013136149384081364 137
6 0.5146484375 0.5107421875 0.04419416934251785 0.013810679316520691 135
6 0.5043021440505981 0.5020191073417664 0.04283537715673447 0.014471410773694515 133
6 0.4916992783546448 0.49365243315696716 0.03673049435019493 0.015233602374792099 137
6 0.4741211235523224 0.4741211235523224 0.040050968527793884 0.013810679316520691 135
6 0.4636041522026062 0.46752113103866577 0.03665689006447792 0.012487797997891903 132
6 0.45441558957099915 0.4547581672668457 0.03936649113893509 0.011749383993446827 136
6 0.4472656548023224 0.4433594048023224 0.04419416934251785 0.013810678385198116 135
6 0.43505859375 0.4365234673023224 0.03471990302205086 0.01313726045191288 137
6 0.41366297006607056 0.41982901096343994 0.02970098704099655 0.011045556515455246 134
6 0.4106445908546448 0.4062500596046448 0.03985293209552765 0.013087140396237373 137
6 0.3984374701976776 0.39892578125 0.03823671117424965 0.013808398507535458 136
6 0.39177101850509644 0.38459131121635437 0.04903277009725571 0.014509500004351139 134
6 0.3790542781352997 0.3776203691959381 0.03875751048326492 0.014517643488943577 132
6 0.36135241389274597 0.3593480587005615 0.0394149124622345 0.014517460949718952 132
6 0.3496093451976776 0.3500976264476776 0.03549474477767944 0.013808023184537888 136
6 0.3335902988910675 0.3280489444732666 0.043509114533662796 0.015167913399636745 136
6 0.3227539360523224 0.3198242485523224 0.038669902831315994 0.009667475707828999 135
6 0.313232421875 0.310791015625 0.0379793681204319 0.013810679316520691 135
6 0.30368512868881226 0.2987230718135834 0.04343258589506149 0.01589728519320488 133
6 0.2851562798023224 0.2817383110523224 0.038272224366664886 0.015162992291152477 134
6 0.3476562201976776 0.1816406100988388 0.028203528374433517 0.011131176725029945 144
6 0.3515625298023224 0.19482421875 0.041472095996141434 0.01386299543082714 138
6 0.7119140625 0.5644530653953552 0.041238851845264435 0.011749094352126122 136
6 0.7299804091453552 0.58056640625 0.037432797253131866 0.011909261345863342 143
6 0.5876465439796448 0.2102051079273224 0.044884707778692245 0.013810679316520691 135
6 0.5408250689506531 0.08471084386110306 0.031875308603048325 0.012506102211773396 129
6 0.44619640707969666 0.2143416404724121 0.0410272479057312 0.012668470852077007 128
6 0.4402087926864624 0.20092666149139404 0.043552935123443604 0.013795049861073494 132
6 0.4279785752296448 0.1965332329273224 0.03452669829130173 0.011739077046513557 135
6 0.4204101264476776 0.1860351711511612 0.03843756392598152 0.013130532577633858 134
6 0.41080722212791443 0.17610128223896027 0.04074735566973686 0.013129962608218193 134
6 0.40276122093200684 0.16511228680610657 0.04212822765111923 0.012427940033376217 134
6 0.3924345076084137 0.15518726408481598 0.03672110289335251 0.014517643488943577 132
6 0.38134765625 0.146484375 0.04026515409350395 0.014516395516693592 133
6 0.45606404542922974 0.07323385030031204 0.03803582489490509 0.013138281181454659 138
6 0.495195209980011 0.03459290415048599 0.03522399812936783 0.011046419851481915 136
6 0.5038539171218872 0.04154855012893677 0.03463700786232948 0.010380088351666927 140
6 0.5087890625 0.050292953848838806 0.03568252921104431 0.011130577884614468 129
6 0.513135552406311 0.06351659446954727 0.023381734266877174 0.011128205806016922 140
6 0.5267741680145264 0.06551452726125717 0.03246244043111801 0.011046042665839195 134
6 0.5514256358146667 0.09016940742731094 0.03384321182966232 0.011750723235309124 134
6 0.73681640625 0.59375 0.045144956558942795 0.01657085493206978 136
6 0.4851074516773224 0.1018066257238388 0.03936043381690979 0.011048542335629463 135
6 0.4940594732761383 0.11190402507781982 0.035934314131736755 0.01175694353878498 133
6 0.5037464499473572 0.12223589420318604 0.03936649113893509 0.013130239211022854 134
6 0.5131836533546448 0.1323242336511612 0.0405031256377697 0.012422229163348675 133
6 0.5224306583404541 0.14255119860172272 0.03665679693222046 0.011759370565414429 132
6 0.5317383408546448 0.15087890625 0.04028706252574921 0.013106013648211956 134
6 0.5578613877296448 0.100830078125 0.03176456317305565 0.011739077046513557 135
6 0.5651856064796448 0.11108402907848358 0.029002424329519272 0.011739077046513557 135
6 0.5388184189796448 0.1628418266773224 0.04695630818605423 0.014501212164759636 135
6 0.5522947311401367 0.16948755085468292 0.03665659576654434 0.013138305395841599 138
6 0.5601262450218201 0.17962920665740967 0.037390995770692825 0.011758014559745789 139
6 0.5703125 0.1875 0.03665679693222046 0.011840470135211945 138
6 0.5812115669250488 0.1969010978937149 0.03737800195813179 0.014517643488943577 138
6 0.59716796875 0.2197265774011612 0.04212257266044617 0.013120143674314022 135
6 0.4567871689796448 0.2272949516773224 0.038669899106025696 0.011739076115190983 135
6 0.46826171875 0.2348632663488388 0.043770451098680496 0.013848025351762772 133
6 0.4739242196083069 0.24577005207538605 0.026276610791683197 0.009726700372993946 132
6 0.4868164360523224 0.2534179985523224 0.0412154458463192 0.013129962608218193 136
6 0.7815475463867188 0.551486611366272 0.04290211573243141 0.012492741458117962 131
6 0.7705079317092896 0.5429688096046448 0.04143203794956207 0.013810679316520691 135
6 0.7609876990318298 0.5339611768722534 0.0401407852768898 0.013138305395841599 132
6 0.7513042092323303 0.5231385231018066 0.04226383566856384 0.014509155414998531 130
6 0.74295574426651 0.5104818940162659 0.046312130987644196 0.013796856626868248 132
6 0.73388671875 0.50341796875 0.04088765010237694 0.011758998967707157 132
6 0.7254984378814697 0.49274832010269165 0.03798564895987511 0.012452664785087109 134
6 0.7124024033546448 0.4868164658546448 0.03452669829130173 0.011048542335629463 135
6 0.7034710049629211 0.4781758487224579 0.03246244043111801 0.013131867162883282 134
6 0.6879119873046875 0.4551568627357483 0.043509114533662796 0.01380893774330616 134
6 0.6756364107131958 0.4483993649482727 0.03798564895987511 0.014486265368759632 136
6 0.6674805283546448 0.4360352158546448 0.03980255126953125 0.014511095359921455 136
6 0.6572265625 0.4277344048023224 0.042603615671396255 0.013129700906574726 136
6 0.6464843153953552 0.41748046875 0.03751886263489723 0.01313671376556158 133
6 0.63818359375 0.4067383408546448 0.0391874834895134 0.013801881112158298 133
6 0.6279296875 0.39892578125 0.03984375298023224 0.010351561941206455 127
6 0.618239164352417 0.3915293216705322 0.0372561439871788 0.013130838051438332 136
6 0.6082996726036072 0.3736254870891571 0.046312130987644196 0.02489612065255642 138
6 0.59375 0.3583984673023224 0.030182624235749245 0.008990569040179253 136
6 0.5808106064796448 0.3518067002296448 0.03659829869866371 0.013810678385198116 135
6 0.572326123714447 0.33928635716438293 0.0415240079164505 0.013137021102011204 131
6 0.5620117783546448 0.3310547173023224 0.03659829869866371 0.013120143674314022 135
6 0.5520721673965454 0.32095304131507874 0.04145505279302597 0.01384902372956276 133
6 0.5415309071540833 0.31203600764274597 0.039414916187524796 0.013065719045698643 132
6 0.5356444716453552 0.3017577826976776 0.04194098711013794 0.011070361360907555 136
6 0.5253432989120483 0.29162508249282837 0.04290211573243141 0.014426670037209988 131
6 0.514055609703064 0.285256028175354 0.02970098704099655 0.012426250614225864 136
6 0.505258321762085 0.27161452174186707 0.038768425583839417 0.014513560570776463 131
6 0.4965820908546448 0.26123046875 0.0390888974070549 0.011041504330933094 133
12 0.7895649075508118 0.18164068460464478 0.5254968404769897 0.015211701393127441 45
