6 0.7927427291870117 0.31269946694374084 0.022140201181173325 0.009648648090660572 139
6 0.8540040254592896 0.3706055283546448 0.02707507088780403 0.011105858720839024 132
6 0.8475512266159058 0.36092573404312134 0.0283203125 0.011078933253884315 134
6 0.8415498733520508 0.3532341420650482 0.02701038494706154 0.009638998657464981 131
6 0.8254395723342896 0.3400879502296448 0.026240287348628044 0.011739077046513557 135
6 0.8170525431632996 0.33141934871673584 0.028521647676825523 0.008994515985250473 142
6 0.8119140267372131 0.32246094942092896 0.02929687686264515 0.01171875186264515 143
6 0.8698931336402893 0.285900354385376 0.032521143555641174 0.011026104912161827 139
6 0.8623048067092896 0.2773437798023224 0.03314562886953354 0.011048542335629463 135
6 0.8576661348342896 0.2673340141773224 0.026930823922157288 0.011048542335629463 135
6 0.8487918972969055 0.26155248284339905 0.03108169697225094 0.010370793752372265 134
6 0.8405733108520508 0.25174635648727417 0.028493307530879974 0.01101600006222725 139
6 0.8353087306022644 0.24376605451107025 0.026385266333818436 0.009758935309946537 141
6 0.8247801661491394 0.23771603405475616 0.027576882392168045 0.010372307151556015 134
6 0.80615234375 0.3139648139476776 0.033955782651901245 0.010380849242210388 139
6 0.7898532748222351 0.3021034896373749 0.02774391695857048 0.010381001979112625 139
6 0.8262567520141602 0.4066495895385742 0.03108169697225094 0.011045815423130989 134
6 0.7823076248168945 0.29533615708351135 0.030414866283535957 0.010378681123256683 138
6 0.3671875 0.60009765625 0.03960874676704407 0.013808554038405418 134
6 0.3767090141773224 0.609130859375 0.038669902831315994 0.013120145536959171 135
6 0.38427734375 0.6196289658546448 0.0394149124622345 0.013138305395841599 138
6 0.39306640625 0.63232421875 0.048572469502687454 0.015870608389377594 134
6 0.4038086235523224 0.6420899033546448 0.04235081374645233 0.012402082793414593 131
6 0.4130859375 0.650390625 0.04580353945493698 0.014488874934613705 134
6 0.42333984375 0.6591797471046448 0.044144157320261 0.01241554319858551 132
6 0.4344988465309143 0.6683022379875183 0.042398735880851746 0.013726210221648216 129
6 0.4399414658546448 0.6806641221046448 0.04098140075802803 0.01380869559943676 134
6 0.45361328125 0.68798828125 0.03702166676521301 0.014511659741401672 136
6 0.4624023735523224 0.69677734375 0.034012049436569214 0.013137822039425373 139
6 0.4702148139476776 0.70751953125 0.04332517832517624 0.015183848328888416 137
6 0.48061591386795044 0.7166283130645752 0.04283537715673447 0.013848026283085346 137
6 0.8619950413703918 0.379739910364151 0.02501220442354679 0.010370914824306965 141
6 0.8366699814796448 0.412353515625 0.026930823922157288 0.011048542335629463 135
6 0.9072266221046448 0.42333984375 0.028556033968925476 0.00966460071504116 136
6 0.9223634004592896 0.33544930815696716 0.029263200238347054 0.010338093154132366 136
6 0.9099012017250061 0.3190644681453705 0.02563360333442688 0.00825930293649435 140
6 0.9921875596046448 0.5048828125 0.02900242619216442 0.009667475707828999 135
6 0.982666015625 0.4978027939796448 0.028311889618635178 0.012429609894752502 135
6 0.9733887314796448 0.490478515625 0.026930823922157288 0.011048542335629463 135
6 0.9477539658546448 0.52978515625 0.03242281451821327 0.009750773198902607 140
6 0.9366558790206909 0.5223031044006348 0.03731440007686615 0.011092088185250759 137
6 0.9594727158546448 0.47607430815696716 0.02736448124051094 0.010372307151556015 136
6 0.95428067445755 0.46663495898246765 0.027655860409140587 0.009655412286520004 138
6 0.9453760981559753 0.46185919642448425 0.028387578204274178 0.0117581682279706 139
6 0.936279296875 0.4548340141773224 0.026240291073918343 0.008976941928267479 135
6 0.9327695965766907 0.44222375750541687 0.03246244043111801 0.01175110973417759 134
6 0.9223633408546448 0.4370117783546448 0.03091655671596527 0.011037148535251617 132
6 0.9159493446350098 0.4292720556259155 0.029035286977887154 0.010379130020737648 132
6 0.9001465439796448 0.414794921875 0.027621358633041382 0.011739077046513557 135
6 0.8413086533546448 0.4238280951976776 0.03409682214260101 0.012427023611962795 134
6 0.892333984375 0.4089355766773224 0.024859219789505005 0.008976940996944904 135
6 0.8870419263839722 0.39928945899009705 0.03049326501786709 0.011759370565414429 138
6 0.8764649033546448 0.3935546875 0.027361158281564713 0.010517962276935577 141
6 0.8692471981048584 0.38613012433052063 0.0227980837225914 0.009663039818406105 137
6 0.9302734136581421 0.5138672590255737 0.03325984627008438 0.01101600006222725 139
6 0.9221192002296448 0.504150390625 0.03314562886953354 0.011739077046513557 135
6 0.9134396910667419 0.4967459738254547 0.03179457038640976 0.009718339890241623 137
6 0.90771484375 0.4868164658546448 0.02736448124051094 0.010372307151556015 134
6 0.8901367783546448 0.4736328721046448 0.03132716193795204 0.011045815423130989 136
6 0.882080078125 0.4655762016773224 0.033836159855127335 0.011048542335629463 135
6 0.8735350966453552 0.4580078125 0.033608175814151764 0.01107542123645544 136
6 0.8691406846046448 0.4462890625 0.02929687313735485 0.01171875 136
6 0.8583984375 0.4414063096046448 0.032032862305641174 0.011720838025212288 134
6 0.8486329317092896 0.43359383940696716 0.03452669829130173 0.012429609894752502 135
6 0.4887695908546448 0.728515625 0.04098140075802803 0.01380869559943676 134
6 0.50244140625 0.7353515625 0.03849006071686745 0.01308559812605381 133
6 0.5161618590354919 0.7563918828964233 0.040793921798467636 0.014517643488943577 132
6 0.2375386357307434 0.46409347653388977 0.03665689006447792 0.012409746646881104 132
6 0.3022461235523224 0.68408203125 0.04097907617688179 0.013850070536136627 137
6 0.29150390625 0.67626953125 0.04535740241408348 0.014510119333863258 134
6 0.2807617485523224 0.6665039658546448 0.04419416934251785 0.01519174687564373 135
6 0.2705077528953552 0.65771484375 0.03960874676704407 0.013808554038405418 134
6 0.2578125 0.64990234375 0.03326063230633736 0.014517387375235558 133
6 0.2534179389476776 0.6367186903953552 0.03989998996257782 0.013234399259090424 131
6 0.2431640625 0.62646484375 0.04258229583501816 0.013089858926832676 133
6 0.2329971045255661 0.6180704236030579 0.03731440007686615 0.011756591498851776 133
6 0.2260742038488388 0.6059569716453552 0.04343981668353081 0.011690986342728138 132
6 0.20873047411441803 0.6046679615974426 0.02441406436264515 0.010351561941206455 127
6 0.201936274766922 0.5916082262992859 0.03389942646026611 0.012408163398504257 132
6 0.1965332329273224 0.5803223252296448 0.03728882968425751 0.011739077046513557 135
6 0.1865234524011612 0.5693359375 0.03703799471259117 0.01315823569893837 136
6 0.22186680138111115 0.457354873418808 0.032521143555641174 0.013870606198906898 139
6 0.24560546875 0.4741211235523224 0.03777444362640381 0.012421094812452793 133
6 0.528564453125 0.7653809189796448 0.03659829869866371 0.012429611757397652 135
6 0.25390625 0.48388671875 0.03733331337571144 0.012487797997891903 138
6 0.26292333006858826 0.49437567591667175 0.040794141590595245 0.013792862184345722 138
6 0.2797851264476776 0.51708984375 0.045017387717962265 0.013138031587004662 138
6 0.2795410454273224 0.497314453125 0.019334951415657997 0.008976941928267479 135
6 0.2939453125 0.5219725966453552 0.03284277021884918 0.011132645420730114 129
6 0.3078613579273224 0.542724609375 0.04626576974987984 0.01519174687564373 135
6 0.3225097954273224 0.550048828125 0.03452669829130173 0.011739077046513557 135
6 0.32981303334236145 0.5613241791725159 0.03665689006447792 0.013866657391190529 138
6 0.337321013212204 0.5733262300491333 0.04074735566973686 0.01380869559943676 134
6 0.3491211235523224 0.5810547471046448 0.03659829869866371 0.013120143674314022 135
6 0.6642255187034607 0.8220922946929932 0.04212822765111923 0.013107062317430973 136
6 0.6513671875 0.8154296875 0.034265898168087006 0.013131503015756607 134
6 0.6437202095985413 0.8045157790184021 0.03798564895987511 0.011749692261219025 134
6 0.6354249715805054 0.7942734360694885 0.04074735566973686 0.013106558471918106 134
6 0.3034668564796448 0.7014160752296448 0.0255497545003891 0.011048542335629463 135
6 0.3271484971046448 0.7080078721046448 0.04557523503899574 0.026240287348628044 135
6 0.3393554985523224 0.7246094346046448 0.043503642082214355 0.011739077046513557 135
6 0.3565264940261841 0.7435653209686279 0.040074773132801056 0.013136149384081364 133
6 0.5366211533546448 0.7783204317092896 0.044495776295661926 0.014516046270728111 131
6 0.547090470790863 0.7844254374504089 0.035278111696243286 0.012489262968301773 132
6 0.5548473596572876 0.7947563529014587 0.03936649113893509 0.013130239211022854 134
6 0.56298828125 0.8051758408546448 0.03452669829130173 0.013810679316520691 135
6 0.5757765173912048 0.8124194145202637 0.038768425583839417 0.013136001303792 139
6 0.5839991569519043 0.8222994208335876 0.040794141590595245 0.013068151660263538 138
6 0.5932616591453552 0.8334960341453552 0.0412154458463192 0.013129962608218193 136
6 0.6044828295707703 0.8427817821502686 0.03803582489490509 0.013138281181454659 138
6 0.6140137314796448 0.8532716035842896 0.04143203794956207 0.01450121309608221 135
6 0.6214100122451782 0.8658825755119324 0.03660481423139572 0.011723960749804974 134
6 0.5493807196617126 0.9344891905784607 0.04627092555165291 0.013788529671728611 134
6 0.5375975370407104 0.9262694716453552 0.04332517832517624 0.015183848328888416 133
6 0.5244712233543396 0.9199184775352478 0.035278111696243286 0.013219154439866543 132
6 0.5166015625 0.908203125 0.03488108888268471 0.011888732202351093 129
6 0.5065661668777466 0.8996596336364746 0.03876163065433502 0.013138305395841599 132
6 0.4966689944267273 0.8885782361030579 0.03731440007686615 0.011756591498851776 133
6 0.4868772327899933 0.881769597530365 0.03179457038640976 0.011757992208003998 133
6 0.4821777939796448 0.8684083223342896 0.04350363835692406 0.01519174687564373 135
6 0.46966782212257385 0.8609030246734619 0.038694556802511215 0.014516620896756649 133
6 0.45978114008903503 0.8507437109947205 0.040074773132801056 0.013850070536136627 133
6 0.4495090842247009 0.8430505990982056 0.03803582489490509 0.012335944920778275 132
6 0.4399413466453552 0.8305663466453552 0.03717588260769844 0.011752041056752205 130
6 0.43025556206703186 0.823307454586029 0.03676022216677666 0.013879559002816677 129
6 0.4243164360523224 0.80908203125 0.044797297567129135 0.013869931921362877 131
6 0.41357430815696716 0.80126953125 0.043033722788095474 0.013107062317430973 134
6 0.39469242095947266 0.7820407748222351 0.038768425583839417 0.012496421113610268 131
6 0.38338103890419006 0.7733429074287415 0.04226383566856384 0.013877339661121368 130
6 0.3745117485523224 0.763671875 0.03823671117424965 0.013808398507535458 134
6 0.36524277925491333 0.7548735737800598 0.03803582489490509 0.013138281181454659 132
6 0.9317441582679749 0.34289413690567017 0.022879384458065033 0.00963900052011013 139
6 0.9443964958190918 0.35991713404655457 0.03316953405737877 0.012489262968301773 132
6 0.9609376192092896 0.37304696440696716 0.023478154093027115 0.009667474776506424 135
6 0.6103515625 0.1191406100988388 0.030312100425362587 0.012373623438179493 140
6 0.34814453125 0.16748046875 0.05132172256708145 0.015871334820985794 46
6 0.3593750298023224 0.1552734375 0.05524272099137306 0.013810682110488415 45
6 0.3571777641773224 0.1364746242761612 0.02416868880391121 0.009667475707828999 45
6 0.3811035454273224 0.1403808891773224 0.0635291263461113 0.017263347283005714 45
6 0.3903808891773224 0.125244140625 0.053861647844314575 0.015882279723882675 45
6 0.3968942165374756 0.11123078316450119 0.04212822765111923 0.015167067758738995 46
6 0.4111328125 0.1020507737994194 0.04841173440217972 0.015237397514283657 43
6 0.4389869272708893 0.07668446749448776 0.043618619441986084 0.014517643488943577 48
6 0.44894158840179443 0.06604377180337906 0.041798703372478485 0.014054585248231888 53
6 0.46850520372390747 0.05739113688468933 0.05668722093105316 0.018657198175787926 47
6 0.47745516896247864 0.04044603183865547 0.04489002004265785 0.015189949423074722 44
6 0.4899902641773224 0.030517609789967537 0.052480582147836685 0.015882279723882675 45
6 0.5878907442092896 0.0957031399011612 0.029156947508454323 0.011903524398803711 142
6 0.5957812666893005 0.1039452999830246 0.03007812425494194 0.01171875 143
6 0.6170405745506287 0.13001181185245514 0.026939677074551582 0.011717520654201508 134
6 0.3295899033546448 0.8051759004592896 0.05248057469725609 0.01519174687564373 135
6 0.1271972954273224 0.4768067002296448 0.04695630818605423 0.017263349145650864 135
6 0.1533202975988388 0.5419921875 0.0353592149913311 0.013138055801391602 132
6 0.16843046247959137 0.5473415851593018 0.05002138391137123 0.01449795626103878 129
6 0.17464515566825867 0.5616893172264099 0.03522399812936783 0.0117503572255373 134
6 0.0268554650247097 0.484375 0.05416255444288254 0.015894759446382523 44
6 0.016448652371764183 0.5008382797241211 0.06492488086223602 0.019359953701496124 46
6 0.008808943443000317 0.5189777612686157 0.041565608233213425 0.016434546560049057 48
6 0.2421875298023224 0.7197266221046448 0.0510995127260685 0.017953883856534958 135
6 0.25548455119132996 0.7274060845375061 0.04416489973664284 0.015253391116857529 130
6 0.2658691704273224 0.7395020127296448 0.04695630818605423 0.015882281586527824 135
6 0.2768290936946869 0.7514934539794922 0.04907165467739105 0.014517434872686863 133
6 0.2895507514476776 0.7587890028953552 0.045123711228370667 0.015189949423074722 134
6 0.299338161945343 0.7710227370262146 0.04850975051522255 0.014635378494858742 141
6 0.30792567133903503 0.7848432064056396 0.053175605833530426 0.014508959837257862 136
6 0.3366699516773224 0.1784668117761612 0.05455218255519867 0.01657281443476677 45
6 0.32421875 0.19091796875 0.057506013661623 0.015173543244600296 46
6 0.31298828125 0.2001953125 0.051624394953250885 0.012447365559637547 44
6 0.2978515625 0.2060546875 0.039487507194280624 0.011759145185351372 48
12 0.6754923462867737 0.4113350510597229 0.5842064023017883 0.017267821356654167 45
12 0.5566756725311279 0.5210256576538086 0.5738440752029419 0.015199780464172363 45
12 0.4413297474384308 0.6361518502235413 0.5738840103149414 0.01657136343419552 46
12 0.32275390625 0.751953125 0.5753743648529053 0.016572266817092896 45
6 0.12548822164535522 0.5947265625 0.044209837913513184 0.015240240842103958 138
6 0.10058597475290298 0.5771484971046448 0.05248057469725609 0.01657281443476677 135
6 0.1452636867761612 0.6193848252296448 0.0504089780151844 0.01657281443476677 135
6 0.1577148586511612 0.6293945908546448 0.04695630818605423 0.01519174687564373 135
6 0.1660156100988388 0.6430664658546448 0.053408753126859665 0.017952371388673782 136
6 0.1787109524011612 0.6528320908546448 0.04902791604399681 0.015882285311818123 135
6 0.18652348220348358 0.6665039658546448 0.05731431767344475 0.015882279723882675 135
6 0.2021484076976776 0.6728515625 0.04554692283272743 0.015888459980487823 131
6 0.21142578125 0.6865234375 0.050313543528318405 0.016531869769096375 131
6 0.22624020278453827 0.6935604214668274 0.04088754206895828 0.01576724275946617 130
6 0.2343750149011612 0.70458984375 0.04212257266044617 0.01450121309608221 135
6 0.1285853087902069 0.37858065962791443 0.04903277009725571 0.01589043065905571 44
6 0.13906830549240112 0.3651536703109741 0.04290211573243141 0.014515587128698826 41
6 0.15083511173725128 0.3539668917655945 0.049890775233507156 0.015253961086273193 40
6 0.1586914211511612 0.34130859375 0.043057456612586975 0.013879489153623581 39
6 0.1743164211511612 0.33544921875 0.057011041790246964 0.015187229961156845 46
6 0.1914062350988388 0.3261719048023224 0.056139323860406876 0.016552135348320007 42
6 0.2021484673023224 0.3051758110523224 0.047281134873628616 0.013134775683283806 43
6 0.2172851413488388 0.2968749701976776 0.055773526430130005 0.01677895523607731 51
6 0.22705078125 0.2783203423023224 0.046497639268636703 0.01519005373120308 44
6 0.2387695610523224 0.2646484673023224 0.043503642082214355 0.011739077046513557 45
6 0.25927734375 0.24462890625 0.0404287651181221 0.013250982388854027 40
6 0.27452245354652405 0.23935358226299286 0.0560397133231163 0.015894651412963867 41
6 0.27897125482559204 0.22233687341213226 0.03660481423139572 0.011750017292797565 46
6 0.2875976860523224 0.2138672173023224 0.0379793681204319 0.011739076115190983 45
6 0.3193359673023224 0.7939452528953552 0.051099520176649094 0.015191749669611454 135
6 0.3408203423023224 0.8154296278953552 0.05015945807099342 0.015185890719294548 133
6 0.9736328125 0.38916015625 0.029957860708236694 0.011045556515455246 136
6 0.9482422471046448 0.8925781846046448 0.06300657242536545 0.01793617755174637 48
6 0.7547172904014587 0.9842151403427124 0.03936649113893509 0.013130239211022854 44
6 0.767578125 0.97265625 0.035437487065792084 0.012474877759814262 43
6 0.8447266817092896 0.9804688692092896 0.0635291188955307 0.019334951415657997 45
6 0.77734375 0.9931640625 0.02734375 0.013671875 0
6 0.8766084909439087 0.9417820572853088 0.056030429899692535 0.01589728519320488 43
6 0.891421377658844 0.9324221014976501 0.06284238398075104 0.014523101039230824 46
6 0.9025837779045105 0.9221631288528442 0.05476577952504158 0.016004610806703568 50
6 0.916015625 0.91162109375 0.058136265724897385 0.015897149220108986 48
6 0.9316406846046448 0.9008788466453552 0.06209726631641388 0.017943689599633217 47
6 0.9565430283546448 0.875 0.06249287724494934 0.015925252810120583 44
6 0.35205078125 0.8261719346046448 0.04971298947930336 0.015178201720118523 133
6 0.9659874439239502 0.8566206693649292 0.053175605833530426 0.015871979296207428 44
6 0.980169415473938 0.8468496799468994 0.0656915232539177 0.016622494906187057 42
6 0.9877539873123169 0.8288868069648743 0.04979511722922325 0.018922144547104836 42
6 0.9939834475517273 0.8104102611541748 0.029765136539936066 0.015891827642917633 41
6 0.9946288466453552 0.4150390028953552 0.031569041311740875 0.009764871560037136 126
6 0.9885254502296448 0.403076171875 0.029692966490983963 0.012429613620042801 135
6 0.8019168972969055 0.9230179786682129 0.03108169697225094 0.010370793752372265 46
6 0.8145264983177185 0.9087622761726379 0.04212822765111923 0.012427940033376217 44
6 0.7851563692092896 0.8994140625 0.040050968527793884 0.01519174687564373 135
6 0.75 0.8623046875 0.03100893273949623 0.009752809070050716 50
6 0.36279296875 0.83642578125 0.04992746189236641 0.014490049332380295 134
6 0.3740234673023224 0.8466798067092896 0.04695630818605423 0.013810679316520691 135
6 0.3830566108226776 0.8581543564796448 0.044884707778692245 0.01519174687564373 135
6 0.3945313096046448 0.8671876192092896 0.04281310364603996 0.01519174687564373 135
6 0.4047851860523224 0.8828126192092896 0.04740450903773308 0.016591576859354973 136
6 0.4157715141773224 0.892822265625 0.04902791604399681 0.013810680247843266 135
6 0.4279292821884155 0.9011844992637634 0.04283537715673447 0.016564197838306427 137
6 0.43635550141334534 0.9168839454650879 0.053275153040885925 0.017210960388183594 132
6 0.4492187798023224 0.9252931475639343 0.046497639268636703 0.01519005373120308 134
6 0.4584961533546448 0.9384767413139343 0.052625805139541626 0.014517460018396378 132
6 0.4698854088783264 0.9481021165847778 0.04973762854933739 0.015224238857626915 133
6 0.490966796875 0.9689942002296448 0.04488470405340195 0.01519174687564373 135
6 0.480712890625 0.9592285752296448 0.04419416934251785 0.013120143674314022 135
6 0.5022669434547424 0.9801457524299622 0.047651853412389755 0.01448968704789877 134
6 0.6411566138267517 0.9623057246208191 0.05644666403532028 0.014833934605121613 53
6 0.6590855717658997 0.9461788535118103 0.052643872797489166 0.0138765349984169 50
6 0.67724609375 0.9262695908546448 0.04407638683915138 0.016013910993933678 51
6 0.7724609375 0.8842772841453552 0.03960874676704407 0.013808554038405418 134
6 0.7577338218688965 0.8519746661186218 0.043509114533662796 0.01380893774330616 44
6 0.6245117783546448 0.7846680879592896 0.03728882968425751 0.013810679316520691 135
6 0.615966796875 0.7731934189796448 0.04281310364603996 0.013120143674314022 135
6 0.6064453125 0.7646484375 0.04026283696293831 0.011725158430635929 134
6 0.6079102158546448 0.3041992783546448 0.0370737761259079 0.01175001636147499 134
6 0.7652243375778198 0.4657251238822937 0.03317439183592796 0.010377777740359306 133
6 0.75537109375 0.458984375 0.029957860708236694 0.011045556515455246 134
6 0.7480469942092896 0.4526367783546448 0.028862787410616875 0.010310600511729717 132
6 0.74169921875 0.4433593451976776 0.030634354799985886 0.010378681123256683 132
6 0.7331543564796448 0.4343262314796448 0.03176456317305565 0.013120143674314022 135
6 0.7185800075531006 0.41908884048461914 0.03455431014299393 0.011094913817942142 133
6 0.7102051377296448 0.4104004502296448 0.03314562886953354 0.008976941928267479 135
6 0.7018967866897583 0.4011633098125458 0.03389952331781387 0.012406379915773869 131
6 0.6941835284233093 0.39077135920524597 0.03384321182966232 0.013131503015756607 136
6 0.6704037189483643 0.37056073546409607 0.03803582489490509 0.01168404333293438 138
6 0.654296875 0.3525390625 0.035106293857097626 0.013799644075334072 133
6 0.6435547471046448 0.34765625 0.027895487844944 0.010336905717849731 134
6 0.6376953125 0.3369140326976776 0.03369184210896492 0.012418833561241627 133
6 0.61572265625 0.31201171875 0.03340253233909607 0.011721733957529068 136
6 0.59814453125 0.2973632514476776 0.03200218454003334 0.010340109467506409 136
6 0.6345027089118958 0.14486929774284363 0.03114771470427513 0.010563138872385025 146
6 0.5895996689796448 0.2893066704273224 0.031074028462171555 0.009667474776506424 135
6 0.5837172865867615 0.27812454104423523 0.03389952331781387 0.009649407118558884 139
6 0.577392578125 0.2702637016773224 0.033836159855127335 0.009667474776506424 135
6 0.5534668564796448 0.1306152641773224 0.03590776398777962 0.010358009487390518 135
6 0.57421875 0.1416015625 0.023478154093027115 0.009667474776506424 135
6 0.5795899033546448 0.1518554538488388 0.027621358633041382 0.009667475707828999 135
6 0.609375 0.1884765774011612 0.03369184210896492 0.012418835423886776 133
6 0.6190724968910217 0.19782795011997223 0.03317439183592796 0.01175764761865139 133
6 0.627604067325592 0.20638686418533325 0.03384321182966232 0.01175072230398655 136
6 0.64111328125 0.220703125 0.032668083906173706 0.009665288031101227 136
6 0.6495731472969055 0.22836317121982574 0.03246244043111801 0.011751110665500164 136
6 0.66455078125 0.2480468600988388 0.03911281377077103 0.014513559639453888 131
6 0.6826171875 0.26025390625 0.02916666679084301 0.011758633889257908 138
6 0.6899413466453552 0.2690429389476776 0.03015051782131195 0.010371264070272446 136
6 0.7734375596046448 0.4755859375 0.032032862305641174 0.011720838025212288 134
6 0.7841796278953552 0.4814453125 0.03343190997838974 0.013102488592267036 134
6 0.7949219346046448 0.5004883408546448 0.02725827880203724 0.012425526976585388 134
6 0.805853009223938 0.5070059299468994 0.029760798439383507 0.013138305395841599 132
6 0.6376953721046448 0.4116211533546448 0.0379793681204319 0.013120143674314022 135
6 0.655681848526001 0.43070486187934875 0.038694556802511215 0.014565912075340748 137
6 0.6669922471046448 0.4394531846046448 0.03728882968425751 0.012429611757397652 135
6 0.6736765503883362 0.45396679639816284 0.04363131895661354 0.01305695716291666 132
6 0.6862793564796448 0.4587402939796448 0.03452669829130173 0.013120143674314022 135
6 0.690960705280304 0.473262220621109 0.0412127822637558 0.014439518563449383 126
6 0.7053223252296448 0.4792481064796448 0.03659829869866371 0.015191745944321156 135
6 0.713056206703186 0.4890979826450348 0.03936649113893509 0.01313023827970028 136
6 0.72216796875 0.4990234375 0.04074149951338768 0.01450121309608221 135
6 0.7325345277786255 0.505446195602417 0.03461899235844612 0.014517643488943577 138
6 0.7444721460342407 0.517252504825592 0.03798564895987511 0.013130530714988708 134
6 0.7526856064796448 0.5270996689796448 0.03590776398777962 0.013120143674314022 135
6 0.76025390625 0.5380858778953552 0.04164540022611618 0.01456399168819189 137
6 0.7693526148796082 0.5480087399482727 0.04212822765111923 0.01315233763307333 136
6 0.7822265028953552 0.5556640625 0.035106293857097626 0.013799644075334072 133
6 0.7890625 0.56640625 0.03982677683234215 0.013130239211022854 136
6 0.7961122393608093 0.5773986577987671 0.04493248835206032 0.013859666883945465 138
6 0.81201171875 0.5834961533546448 0.029829218983650208 0.009003233164548874 139
6 0.81787109375 0.5961913466453552 0.03980255126953125 0.014511095359921455 136
6 0.8361817598342896 0.6159668564796448 0.04074149951338768 0.013810678385198116 135
6 0.84619140625 0.62451171875 0.03843756392598152 0.013130530714988708 136
6 0.8866010904312134 0.5881524085998535 0.03263823315501213 0.011600159108638763 129
6 0.8790408968925476 0.5310984253883362 0.028384685516357422 0.011759370565414429 42
6 0.8632004857063293 0.564380407333374 0.035277433693408966 0.013138305395841599 132
6 0.8540670871734619 0.5546194314956665 0.035934314131736755 0.013136990368366241 133
6 0.8432559967041016 0.5493963360786438 0.029765136539936066 0.011662552133202553 131
6 0.8374024629592896 0.5400391221046448 0.032455094158649445 0.011739077046513557 135
6 0.8200684189796448 0.526123046875 0.027621358633041382 0.010358009487390518 135
6 0.8140754699707031 0.5157734155654907 0.033244989812374115 0.013138305395841599 132
6 0.625 0.1367187201976776 0.02908468432724476 0.009212343022227287 147
6 0.6479237675666809 0.15773680806159973 0.028387578204274178 0.01038078311830759 139
6 0.6181641221046448 0.3916016221046448 0.038669899106025696 0.011048542335629463 135
6 0.2163086235523224 0.9091796875 0.04651825875043869 0.016570966690778732 134
6 0.04055119305849075 0.728516161441803 0.056640625 0.029667293652892113 136
6 0.051355991512537 0.7489422559738159 0.044215746223926544 0.014515705406665802 137
6 0.06443285942077637 0.7602317333221436 0.04697198048233986 0.01661716401576996 137
6 0.08471677452325821 0.7800294160842896 0.04695630818605423 0.014501212164759636 135
6 0.09772219508886337 0.7904630899429321 0.05179464817047119 0.013809451833367348 136
6 0.10595706850290298 0.8041993379592896 0.04557524248957634 0.013810679316520691 135
6 0.1201171725988388 0.81298828125 0.05179005116224289 0.015882285311818123 135
6 0.12166336178779602 0.8309693932533264 0.0283203125 0.00966460071504116 134
6 0.14780806005001068 0.8443873524665833 0.05111818015575409 0.015186202712357044 133
6 0.1592561900615692 0.8558961153030396 0.04903277009725571 0.013789859600365162 136
6 0.16796879470348358 0.8696290254592896 0.04212257266044617 0.01450121309608221 135
6 0.17684467136859894 0.8812742829322815 0.04212822765111923 0.013831459917128086 134
6 0.1923828125 0.8876953125 0.0450386106967926 0.0172768272459507 132
6 0.2041015326976776 0.8994141221046448 0.045314185321331024 0.016540540382266045 131
6 0.2236327826976776 0.921875 0.05054604262113571 0.014517338946461678 133
6 0.6547850966453552 0.166015625 0.02810267172753811 0.010375314392149448 141
6 0.22940464317798615 0.9380481243133545 0.04145505279302597 0.014470160007476807 133
6 0.2456054985523224 0.943359375 0.05254904553294182 0.016614768654108047 133
6 0.2590332329273224 0.9538575410842896 0.05731431767344475 0.01657281443476677 135
6 0.2670898735523224 0.9687500596046448 0.04653831198811531 0.01662963442504406 139
6 0.28515625 0.9912109375 0.04119075834751129 0.011755460873246193 140
6 0.7152010202407837 0.1266068071126938 0.03455431014299393 0.009659749455749989 133
6 0.72314453125 0.13330078125 0.03263844549655914 0.00900269765406847 139
6 0.7294232845306396 0.1429859846830368 0.03325984627008438 0.00900346226990223 139
6 0.7373046875 0.15234375 0.032550469040870667 0.010380961000919342 131
6 0.66015625 0.17578125 0.02244034968316555 0.00976412184536457 128
6 0.6779067516326904 0.1882755309343338 0.029035286977887154 0.011101726442575455 138
6 0.6848145127296448 0.19702152907848358 0.02554975636303425 0.009667475707828999 135
6 0.6994629502296448 0.21069343388080597 0.026930823922157288 0.011048542335629463 135
6 0.7084076404571533 0.21883107721805573 0.03179457038640976 0.01037822850048542 137
6 0.71728515625 0.2255859375 0.031575024127960205 0.01031597051769495 138
6 0.7308018207550049 0.2408711314201355 0.03108169697225094 0.01175151951611042 136
6 0.7377856373786926 0.24847786128520966 0.029765136539936066 0.00890711322426796 139
6 0.744873046875 0.2565918266773224 0.03176456317305565 0.011739076115190983 135
6 0.7511978149414062 0.2639024257659912 0.028387578204274178 0.009641697630286217 139
6 0.7599561214447021 0.27033260464668274 0.03317439183592796 0.012418835423886776 137
6 0.7666318416595459 0.2798197567462921 0.030408067628741264 0.011115940287709236 139
6 0.7749022841453552 0.2875975966453552 0.025436757132411003 0.010497086681425571 140
6 0.6984863877296448 0.2766113579273224 0.03038349375128746 0.011739077046513557 135
6 0.706373929977417 0.2838766574859619 0.030414866283535957 0.011037148535251617 132
6 0.7153688669204712 0.2919161319732666 0.030414866283535957 0.011695614084601402 138
6 0.7241987586021423 0.2997065782546997 0.026939677074551582 0.009699699468910694 136
6 0.7307129502296448 0.3098144829273224 0.03176455944776535 0.013120143674314022 135
6 0.7529296875 0.3334960639476776 0.03245509788393974 0.013120143674314022 135
6 0.7631837129592896 0.3422851860523224 0.026240287348628044 0.011048542335629463 135
6 0.77001953125 0.3505859076976776 0.029059473425149918 0.009742481634020805 131
6 0.7783203721046448 0.3583984971046448 0.029461005702614784 0.01112971268594265 130
6 0.7861673831939697 0.36618074774742126 0.031143005937337875 0.011759011074900627 139
6 0.79443359375 0.37451171875 0.0294951219111681 0.009656530804932117 138
6 0.8020259141921997 0.3830062747001648 0.032521143555641174 0.012492341920733452 139
6 0.8168945908546448 0.39599609375 0.031143005937337875 0.010381001979112625 139
6 0.7637198567390442 0.16988182067871094 0.022881587967276573 0.009002592414617538 140
6 0.7539063096046448 0.1650390625 0.029797177761793137 0.01038095261901617 131
6 0.7454020380973816 0.15843427181243896 0.032521143555641174 0.00964784249663353 131
6 0.62646484375 0.40234375 0.03756997734308243 0.011756591498851776 133
6 0.6064453721046448 0.3842774033546448 0.04074149951338768 0.013120143674314022 135
6 0.5980682969093323 0.7539850473403931 0.043509114533662796 0.01380893774330616 134
6 0.55126953125 0.5522461533546448 0.036358945071697235 0.011040380224585533 133
6 0.3961188793182373 0.3987458348274231 0.04088754206895828 0.013248216360807419 140
6 0.40403345227241516 0.410944402217865 0.04713874310255051 0.014505785889923573 140
6 0.41650390625 0.4208984375 0.040957994759082794 0.012427826412022114 136
6 0.4250488877296448 0.4318848252296448 0.04695630818605423 0.015882279723882675 135
6 0.4379882514476776 0.4375 0.03838782757520676 0.01032535545527935 133
6 0.4541015028953552 0.4599609076976776 0.0418691411614418 0.012422713451087475 133
6 0.466064453125 0.470947265625 0.04833738133311272 0.015882285311818123 135
6 0.4853516221046448 0.4853516221046448 0.040050968527793884 0.012429609894752502 135
6 0.4941405951976776 0.49658203125 0.03960874676704407 0.013808554038405418 134
6 0.5050486922264099 0.5047232508659363 0.03522399812936783 0.0117503572255373 136
6 0.51171875 0.5166016221046448 0.04281310737133026 0.012429609894752502 135
6 0.521484375 0.5273438096046448 0.04102667048573494 0.01246982254087925 137
6 0.5320670008659363 0.5362986326217651 0.03522399812936783 0.0117503572255373 134
6 0.5427907109260559 0.5440717339515686 0.03601384907960892 0.012392998673021793 131
6 0.5595703125 0.564453125 0.04237525165081024 0.01384902372956276 137
6 0.7191244959831238 0.7291553020477295 0.0455961674451828 0.012382077984511852 133
6 0.5700684189796448 0.5744629502296448 0.0379793681204319 0.012429609894752502 135
6 0.57958984375 0.5834960341453552 0.03777444362640381 0.012421094812452793 133
6 0.596820592880249 0.5862545967102051 0.02150655910372734 0.009755551815032959 129
6 0.5988597869873047 0.6008203029632568 0.03803582489490509 0.012486381456255913 138
6 0.6083984971046448 0.6113281846046448 0.04170135036110878 0.011901388876140118 142
6 0.6186524033546448 0.6201172471046448 0.03521723300218582 0.011739077046513557 135
6 0.6259765625 0.6298828125 0.03823447972536087 0.012472210451960564 137
6 0.6359922289848328 0.6383785009384155 0.03463700786232948 0.009636688977479935 130
6 0.6454192399978638 0.6494826674461365 0.038285739719867706 0.014646722003817558 142
6 0.6570935845375061 0.6597766876220703 0.04163869097828865 0.010375316254794598 141
6 0.6632488369941711 0.6726998090744019 0.04074735566973686 0.014487428590655327 134
6 0.6848897337913513 0.687174379825592 0.03660481423139572 0.011750017292797565 136
6 0.6939127445220947 0.7001280188560486 0.04074735566973686 0.011046956293284893 134
6 0.70361328125 0.7099609375 0.04170810803771019 0.013135869987308979 133
6 0.39031925797462463 0.38703858852386475 0.03455431014299393 0.012419679202139378 137
6 0.3803711235523224 0.3789063096046448 0.04074149951338768 0.011739077046513557 135
6 0.37053465843200684 0.36921387910842896 0.04212822765111923 0.012427940033376217 134
6 0.3590238094329834 0.36168739199638367 0.0455961674451828 0.012423908337950706 137
6 0.5886963605880737 0.7452938556671143 0.04074735566973686 0.011749094352126122 134
6 0.5780346989631653 0.737398624420166 0.0372561439871788 0.015892483294010162 134
6 0.5661907196044922 0.7272932529449463 0.035278111696243286 0.011029478162527084 132
6 0.56298828125 0.71240234375 0.045017387717962265 0.013138031587004662 138
6 0.5415905714035034 0.6971762180328369 0.04212822765111923 0.015189704485237598 134
6 0.5311732292175293 0.6890112161636353 0.038694556802511215 0.01446732971817255 133
6 0.5229492783546448 0.6767578125 0.0403127484023571 0.013136149384081364 137
6 0.5146484375 0.6650390625 0.04419416934251785 0.013810679316520691 135
6 0.5043020844459534 0.6563158631324768 0.04283537715673447 0.014471410773694515 133
6 0.4916992783546448 0.64794921875 0.03673049435019493 0.015233602374792099 137
6 0.47412109375 0.62841796875 0.040050968527793884 0.013810679316520691 135
6 0.463604211807251 0.6218180656433105 0.03665689006447792 0.012487797997891903 132
6 0.45441555976867676 0.6090549826622009 0.03936649113893509 0.011749383993446827 136
6 0.4472656846046448 0.5976563096046448 0.04419416934251785 0.013810678385198116 135
6 0.43505859375 0.5908203721046448 0.03471990302205086 0.01313726045191288 137
6 0.4136629104614258 0.5741258263587952 0.02970098704099655 0.011045556515455246 134
6 0.4106445610523224 0.560546875 0.03985293209552765 0.013087140396237373 137
6 0.3984374701976776 0.55322265625 0.03823671117424965 0.013808398507535458 136
6 0.3917710483074188 0.5388882160186768 0.04903277009725571 0.014509500004351139 134
6 0.3790542781352997 0.5319172739982605 0.03875751048326492 0.014517643488943577 132
6 0.36135241389274597 0.5136448740959167 0.0394149124622345 0.014517460949718952 132
6 0.349609375 0.50439453125 0.03549474477767944 0.013808023184537888 136
6 0.3335903286933899 0.4823458790779114 0.043509114533662796 0.015167913399636745 136
6 0.3227539360523224 0.4741211533546448 0.038669902831315994 0.009667475707828999 135
6 0.3132324516773224 0.4650879502296448 0.0379793681204319 0.013810679316520691 135
6 0.30368512868881226 0.453019917011261 0.04343258589506149 0.01589728519320488 133
6 0.28515633940696716 0.4360352158546448 0.038272224366664886 0.015162992291152477 134
6 0.3476562201976776 0.3359374701976776 0.028203528374433517 0.011131176725029945 144
6 0.3515625298023224 0.34912109375 0.041472095996141434 0.01386299543082714 138
6 0.7119141221046448 0.71875 0.041238851845264435 0.011749094352126122 136
6 0.7299803495407104 0.73486328125 0.037432797253131866 0.011909261345863342 143
6 0.587646484375 0.3645019829273224 0.044884707778692245 0.013810679316520691 135
6 0.5408251285552979 0.23900775611400604 0.031875308603048325 0.012506102211773396 129
6 0.44619640707969666 0.3686385452747345 0.0410272479057312 0.012668470852077007 128
6 0.4402087926864624 0.35522356629371643 0.043552935123443604 0.013795049861073494 132
6 0.4279785454273224 0.350830078125 0.03452669829130173 0.011739077046513557 135
6 0.4204101264476776 0.34033203125 0.03843756392598152 0.013130532577633858 134
6 0.41080722212791443 0.3303981423377991 0.04074735566973686 0.013129962608218193 134
6 0.40276122093200684 0.31940916180610657 0.04212822765111923 0.012427940033376217 134
6 0.3924345076084137 0.3094841241836548 0.03672110289335251 0.014517643488943577 132
6 0.38134765625 0.30078125 0.04026515409350395 0.014516395516693592 133
6 0.45606404542922974 0.22753068804740906 0.03803582489490509 0.013138281181454659 138
6 0.495195209980011 0.18888980150222778 0.03522399812936783 0.011046419851481915 136
6 0.5038539171218872 0.19584544003009796 0.03463700786232948 0.010380088351666927 140
6 0.5087890028953552 0.2045898139476776 0.03568252921104431 0.011130577884614468 129
6 0.513135552406311 0.21781346201896667 0.023381734266877174 0.011128205806016922 140
6 0.5267741680145264 0.21981140971183777 0.03246244043111801 0.011046042665839195 134
6 0.5514256358146667 0.24446624517440796 0.03384321182966232 0.011750723235309124 134
6 0.73681640625 0.7480468153953552 0.045144956558942795 0.01657085493206978 136
6 0.4851074516773224 0.256103515625 0.03936043381690979 0.011048542335629463 135
6 0.4940595328807831 0.2662009298801422 0.035934314131736755 0.01175694353878498 133
6 0.5037463903427124 0.27653273940086365 0.03936649113893509 0.013130239211022854 134
6 0.5131836533546448 0.28662109375 0.0405031256377697 0.012422229163348675 133
6 0.5224306583404541 0.2968480587005615 0.03665679693222046 0.011759370565414429 132
6 0.5317383408546448 0.3051758110523224 0.04028706252574921 0.013106013648211956 134
6 0.5578613877296448 0.2551269829273224 0.03176456317305565 0.011739077046513557 135
6 0.5651856064796448 0.2653808891773224 0.029002424329519272 0.011739077046513557 135
6 0.5388184189796448 0.3171387016773224 0.04695630818605423 0.014501212164759636 135
6 0.5522946715354919 0.3237844407558441 0.03665659576654434 0.013138305395841599 138
6 0.5601262450218201 0.33392611145973206 0.037390995770692825 0.011758014559745789 139
6 0.5703124403953552 0.3417968451976776 0.03665679693222046 0.011840470135211945 138
6 0.581211507320404 0.35119789838790894 0.03737800195813179 0.014517643488943577 138
6 0.5971680283546448 0.3740234971046448 0.04212257266044617 0.013120143674314022 135
6 0.4567871689796448 0.3815918564796448 0.038669899106025696 0.011739076115190983 135
6 0.46826171875 0.38916015625 0.043770451098680496 0.013848025351762772 133
6 0.4739241898059845 0.40006694197654724 0.026276610791683197 0.009726700372993946 132
6 0.48681640625 0.4077148139476776 0.0412154458463192 0.013129962608218193 136
6 0.7815475463867188 0.7057834267616272 0.04290211573243141 0.012492741458117962 131
6 0.7705079317092896 0.6972656846046448 0.04143203794956207 0.013810679316520691 135
6 0.7609876394271851 0.6882580518722534 0.0401407852768898 0.013138305395841599 132
6 0.7513042688369751 0.6774354577064514 0.04226383566856384 0.014509155414998531 130
6 0.74295574426651 0.6647788286209106 0.046312130987644196 0.013796856626868248 132
6 0.7338867783546448 0.65771484375 0.04088765010237694 0.011758998967707157 132
6 0.7254984974861145 0.6470453143119812 0.03798564895987511 0.012452664785087109 134
6 0.7124024033546448 0.6411133408546448 0.03452669829130173 0.011048542335629463 135
6 0.7034710049629211 0.6324726939201355 0.03246244043111801 0.013131867162883282 134
6 0.6879119873046875 0.6094536781311035 0.043509114533662796 0.01380893774330616 134
6 0.675636351108551 0.6026962399482727 0.03798564895987511 0.014486265368759632 136
6 0.66748046875 0.59033203125 0.03980255126953125 0.014511095359921455 136
6 0.6572265625 0.5820313096046448 0.042603615671396255 0.013129700906574726 136
6 0.646484375 0.57177734375 0.03751886263489723 0.01313671376556158 133
6 0.63818359375 0.56103515625 0.0391874834895134 0.013801881112158298 133
6 0.6279296875 0.55322265625 0.03984375298023224 0.010351561941206455 127
6 0.618239164352417 0.5458261370658875 0.0372561439871788 0.013130838051438332 136
6 0.6082996129989624 0.5279223322868347 0.046312130987644196 0.02489612065255642 138
6 0.59375 0.5126953721046448 0.030182624235749245 0.008990569040179253 136
6 0.5808106064796448 0.5061035752296448 0.03659829869866371 0.013810678385198116 135
6 0.5723260641098022 0.49358320236206055 0.0415240079164505 0.013137021102011204 131
6 0.5620117783546448 0.4853516221046448 0.03659829869866371 0.013120143674314022 135
6 0.5520721673965454 0.47524988651275635 0.04145505279302597 0.01384902372956276 133
6 0.5415309071540833 0.46633291244506836 0.039414916187524796 0.013065719045698643 132
6 0.53564453125 0.4560547173023224 0.04194098711013794 0.011070361360907555 136
6 0.5253432989120483 0.445921927690506 0.04290211573243141 0.014426670037209988 131
6 0.5140556693077087 0.4395529627799988 0.02970098704099655 0.012426250614225864 136
6 0.505258321762085 0.42591139674186707 0.038768425583839417 0.014513560570776463 131
6 0.4965820908546448 0.41552734375 0.0390888974070549 0.011041504330933094 133
12 0.7700403332710266 0.3154471218585968 0.5821238160133362 0.015196561813354492 45
