6 0.9760743379592896 0.85693359375 0.06359202414751053 0.018774785101413727 30
6 0.7077817320823669 0.15840263664722443 0.022140201181173325 0.009648648090660572 139
6 0.7690430283546448 0.21630865335464478 0.02707507088780403 0.011105858720839024 132
6 0.7625902891159058 0.20662890374660492 0.0283203125 0.011078933253884315 134
6 0.7565889358520508 0.19893726706504822 0.02701038494706154 0.009638998657464981 131
6 0.7404785752296448 0.185791015625 0.026240287348628044 0.011739077046513557 135
6 0.7320915460586548 0.17712247371673584 0.028521647676825523 0.008994515985250473 142
6 0.7269531488418579 0.16816407442092896 0.02929687686264515 0.01171875186264515 143
6 0.7849321961402893 0.13160346448421478 0.032521143555641174 0.011026104912161827 139
6 0.7773438692092896 0.12304691970348358 0.03314562886953354 0.011048542335629463 135
6 0.7727051377296448 0.1130371242761612 0.026930823922157288 0.011048542335629463 135
6 0.7638309001922607 0.10725559294223785 0.03108169697225094 0.010370793752372265 134
6 0.7556123733520508 0.09744944423437119 0.028493307530879974 0.01101600006222725 139
6 0.7503478527069092 0.08946911990642548 0.026385266333818436 0.009758935309946537 141
6 0.7398192286491394 0.08341909945011139 0.027576882392168045 0.010372307151556015 134
6 0.72119140625 0.1596679389476776 0.033955782651901245 0.010380849242210388 139
6 0.7048923373222351 0.14780662953853607 0.02774391695857048 0.010381001979112625 139
6 0.7412957549095154 0.2523527443408966 0.03108169697225094 0.011045815423130989 134
6 0.6973466873168945 0.14103931188583374 0.030414866283535957 0.010378681123256683 138
6 0.2822265625 0.4458007514476776 0.03960874676704407 0.013808554038405418 134
6 0.2917480766773224 0.454833984375 0.038669902831315994 0.013120145536959171 135
6 0.2993164360523224 0.4653320908546448 0.0394149124622345 0.013138305395841599 138
6 0.30810546875 0.4780274033546448 0.048572469502687454 0.015870608389377594 134
6 0.3188476860523224 0.48779296875 0.04235081374645233 0.012402082793414593 131
6 0.3281249701976776 0.49609375 0.04580353945493698 0.014488874934613705 134
6 0.33837890625 0.5048828721046448 0.044144157320261 0.01241554319858551 132
6 0.3495379686355591 0.5140053629875183 0.042398735880851746 0.013726210221648216 129
6 0.3549804389476776 0.5263671875 0.04098140075802803 0.01380869559943676 134
6 0.3686523735523224 0.53369140625 0.03702166676521301 0.014511659741401672 136
6 0.37744140625 0.54248046875 0.034012049436569214 0.013137822039425373 139
6 0.38525390625 0.55322265625 0.04332517832517624 0.015183848328888416 137
6 0.39565497636795044 0.5623314380645752 0.04283537715673447 0.013848026283085346 137
6 0.7770341038703918 0.2254430204629898 0.02501220442354679 0.010370914824306965 141
6 0.751708984375 0.2580566108226776 0.026930823922157288 0.011048542335629463 135
6 0.8905344009399414 0.9815167784690857 0.06016767397522926 0.017023202031850815 36
6 0.8222657442092896 0.26904296875 0.028556033968925476 0.00966460071504116 136
6 0.8374024629592896 0.1811523735523224 0.029263200238347054 0.010338093154132366 136
6 0.8249402642250061 0.16476765275001526 0.02563360333442688 0.00825930293649435 140
6 0.9072266817092896 0.3505859673023224 0.02900242619216442 0.009667475707828999 135
6 0.8977051973342896 0.3435058891773224 0.028311889618635178 0.012429609894752502 135
6 0.8884278535842896 0.3361816704273224 0.026930823922157288 0.011048542335629463 135
6 0.8627930283546448 0.3754883408546448 0.03242281451821327 0.009750773198902607 140
6 0.8516949415206909 0.36800622940063477 0.03731440007686615 0.011092088185250759 137
6 0.8745117783546448 0.3217774033546448 0.02736448124051094 0.010372307151556015 136
6 0.86931973695755 0.31233805418014526 0.027655860409140587 0.009655412286520004 138
6 0.8604151606559753 0.30756229162216187 0.028387578204274178 0.0117581682279706 139
6 0.8513184785842896 0.3005371391773224 0.026240291073918343 0.008976941928267479 135
6 0.8478087186813354 0.2879268527030945 0.03246244043111801 0.01175110973417759 134
6 0.8374024033546448 0.2827148735523224 0.03091655671596527 0.011037148535251617 132
6 0.8309884667396545 0.2749752402305603 0.029035286977887154 0.010379130020737648 132
6 0.8151856064796448 0.2604980170726776 0.027621358633041382 0.011739077046513557 135
6 0.7563477158546448 0.2695312201976776 0.03409682214260101 0.012427023611962795 134
6 0.8073731064796448 0.2546386420726776 0.024859219789505005 0.008976940996944904 135
6 0.8020809888839722 0.24499256908893585 0.03049326501786709 0.011759370565414429 138
6 0.79150390625 0.23925776779651642 0.027361158281564713 0.010517962276935577 141
6 0.7842862010002136 0.23183321952819824 0.0227980837225914 0.009663039818406105 137
6 0.8453124761581421 0.35957035422325134 0.03325984627008438 0.01101600006222725 139
6 0.8371582627296448 0.34985360503196716 0.03314562886953354 0.011739077046513557 135
6 0.8284787535667419 0.3424491584300995 0.03179457038640976 0.009718339890241623 137
6 0.8227539658546448 0.3325195610523224 0.02736448124051094 0.010372307151556015 134
6 0.8051759004592896 0.3193359673023224 0.03132716193795204 0.011045815423130989 136
6 0.7971192002296448 0.3112792670726776 0.033836159855127335 0.011048542335629463 135
6 0.78857421875 0.3037109375 0.033608175814151764 0.01107542123645544 136
6 0.7841798067092896 0.29199227690696716 0.02929687313735485 0.01171875 136
6 0.7734375 0.2871093451976776 0.032032862305641174 0.011720838025212288 134
6 0.763671875 0.2792968451976776 0.03452669829130173 0.012429609894752502 135
6 0.40380859375 0.57421875 0.04098140075802803 0.01380869559943676 134
6 0.4174804985523224 0.5810546875 0.03849006071686745 0.01308559812605381 133
6 0.4312009811401367 0.6020948886871338 0.040793921798467636 0.014517643488943577 132
6 0.15257766842842102 0.30979660153388977 0.03665689006447792 0.012409746646881104 132
6 0.2172851413488388 0.5297850966453552 0.04097907617688179 0.013850070536136627 137
6 0.2065429836511612 0.52197265625 0.04535740241408348 0.014510119333863258 134
6 0.1958007961511612 0.5122070908546448 0.04419416934251785 0.01519174687564373 135
6 0.1855468451976776 0.50341796875 0.03960874676704407 0.013808554038405418 134
6 0.1728515475988388 0.49560546875 0.03326063230633736 0.014517387375235558 133
6 0.1684570610523224 0.482421875 0.03989998996257782 0.013234399259090424 131
6 0.1582031399011612 0.4721679389476776 0.04258229583501816 0.013089858926832676 133
6 0.1480361968278885 0.46377354860305786 0.03731440007686615 0.011756591498851776 133
6 0.14111328125 0.4516601264476776 0.04343981668353081 0.011690986342728138 132
6 0.12376952916383743 0.4503711462020874 0.02441406436264515 0.010351561941206455 127
6 0.1169753223657608 0.43731141090393066 0.03389942646026611 0.012408163398504257 132
6 0.11157229542732239 0.4260254502296448 0.03728882968425751 0.011739077046513557 135
6 0.10156247764825821 0.4150390625 0.03703799471259117 0.01315823569893837 136
6 0.13690587878227234 0.30305802822113037 0.032521143555641174 0.013870606198906898 139
6 0.16064453125 0.31982421875 0.03777444362640381 0.012421094812452793 133
6 0.4436035752296448 0.6110840439796448 0.03659829869866371 0.012429611757397652 135
6 0.1689453125 0.32958984375 0.03733331337571144 0.012487797997891903 138
6 0.17796240746974945 0.34007880091667175 0.040794141590595245 0.013792862184345722 138
6 0.19482421875 0.3627929985523224 0.045017387717962265 0.013138031587004662 138
6 0.1945800930261612 0.3430176079273224 0.019334951415657997 0.008976941928267479 135
6 0.208984375 0.3676757514476776 0.03284277021884918 0.011132645420730114 129
6 0.2229004204273224 0.3884277939796448 0.04626576974987984 0.01519174687564373 135
6 0.2375488579273224 0.3957520127296448 0.03452669829130173 0.011739077046513557 135
6 0.24485208094120026 0.40702730417251587 0.03665689006447792 0.013866657391190529 138
6 0.252360075712204 0.41902944445610046 0.04074735566973686 0.01380869559943676 134
6 0.26416015625 0.4267578423023224 0.03659829869866371 0.013120143674314022 135
6 0.5792645812034607 0.6677953600883484 0.04212822765111923 0.013107062317430973 136
6 0.56640625 0.6611328721046448 0.034265898168087006 0.013131503015756607 134
6 0.5587592720985413 0.6502189636230469 0.03798564895987511 0.011749692261219025 134
6 0.5504640340805054 0.6399765610694885 0.04074735566973686 0.013106558471918106 134
6 0.218505859375 0.5471192002296448 0.0255497545003891 0.011048542335629463 135
6 0.24218754470348358 0.5537109971046448 0.04557523503899574 0.026240287348628044 135
6 0.25439453125 0.5703125596046448 0.043503642082214355 0.011739077046513557 135
6 0.27156558632850647 0.5892685055732727 0.040074773132801056 0.013136149384081364 133
6 0.4516601860523224 0.6240234375 0.044495776295661926 0.014516046270728111 131
6 0.4621295928955078 0.6301286220550537 0.035278111696243286 0.012489262968301773 132
6 0.4698863625526428 0.640459418296814 0.03936649113893509 0.013130239211022854 134
6 0.4780274033546448 0.6508789658546448 0.03452669829130173 0.013810679316520691 135
6 0.4908156096935272 0.6581225395202637 0.038768425583839417 0.013136001303792 139
6 0.4990382194519043 0.6680026650428772 0.040794141590595245 0.013068151660263538 138
6 0.50830078125 0.67919921875 0.0412154458463192 0.013129962608218193 136
6 0.5195218920707703 0.6884849667549133 0.03803582489490509 0.013138281181454659 138
6 0.5290527939796448 0.6989746689796448 0.04143203794956207 0.01450121309608221 135
6 0.5364490747451782 0.7115856409072876 0.03660481423139572 0.011723960749804974 134
6 0.4644198417663574 0.7801923155784607 0.04627092555165291 0.013788529671728611 134
6 0.45263671875 0.77197265625 0.04332517832517624 0.015183848328888416 133
6 0.4395103454589844 0.7656214833259583 0.035278111696243286 0.013219154439866543 132
6 0.4316406846046448 0.75390625 0.03488108888268471 0.011888732202351093 129
6 0.42160528898239136 0.7453626990318298 0.03876163065433502 0.013138305395841599 132
6 0.4117080569267273 0.7342813611030579 0.03731440007686615 0.011756591498851776 133
6 0.4019162356853485 0.727472722530365 0.03179457038640976 0.011757992208003998 133
6 0.3972168266773224 0.7141112685203552 0.04350363835692406 0.01519174687564373 135
6 0.38470685482025146 0.7066062092781067 0.038694556802511215 0.014516620896756649 133
6 0.37482020258903503 0.6964468359947205 0.040074773132801056 0.013850070536136627 133
6 0.3645482063293457 0.6887537240982056 0.03803582489490509 0.012335944920778275 132
6 0.3549804985523224 0.6762694716453552 0.03717588260769844 0.011752041056752205 130
6 0.3452945947647095 0.669010579586029 0.03676022216677666 0.013879559002816677 129
6 0.3393554389476776 0.65478515625 0.044797297567129135 0.013869931921362877 131
6 0.3286133408546448 0.64697265625 0.043033722788095474 0.013107062317430973 134
6 0.3097314238548279 0.6277438402175903 0.038768425583839417 0.012496421113610268 131
6 0.2984201908111572 0.6190460324287415 0.04226383566856384 0.013877339661121368 130
6 0.2895508110523224 0.609375 0.03823671117424965 0.013808398507535458 134
6 0.28028181195259094 0.600576639175415 0.03803582489490509 0.013138281181454659 132
6 0.8467831015586853 0.188597172498703 0.022879384458065033 0.00963900052011013 139
6 0.859435498714447 0.20562028884887695 0.03316953405737877 0.012489262968301773 132
6 0.8759766221046448 0.2187499701976776 0.023478154093027115 0.009667474776506424 135
6 0.2629394829273224 0.01391601376235485 0.050408974289894104 0.01519174687564373 45
6 0.28125 0.00830078125 0.035505782812833786 0.013779625296592712 44
6 0.31099772453308105 0.001505405642092228 0.020037082955241203 0.017277155071496964 43
6 0.24462890625 0.6508789658546448 0.05248057469725609 0.01519174687564373 135
6 0.042236328125 0.3225097954273224 0.04695630818605423 0.017263349145650864 135
6 0.0683593824505806 0.3876952528953552 0.0353592149913311 0.013138055801391602 132
6 0.08346951007843018 0.39304468035697937 0.05002138391137123 0.01449795626103878 129
6 0.08968422561883926 0.40739238262176514 0.03522399812936783 0.0117503572255373 134
6 0.1572265774011612 0.5654297471046448 0.0510995127260685 0.017953883856534958 135
6 0.17052358388900757 0.5731092095375061 0.04416489973664284 0.015253391116857529 130
6 0.1809082329273224 0.5852051377296448 0.04695630818605423 0.015882281586527824 135
6 0.19186821579933167 0.5971965789794922 0.04907165467739105 0.014517434872686863 133
6 0.2045898139476776 0.6044921278953552 0.045123711228370667 0.015189949423074722 134
6 0.2143772393465042 0.6167258024215698 0.04850975051522255 0.014635378494858742 141
6 0.22296470403671265 0.6305463314056396 0.053175605833530426 0.014508959837257862 136
6 0.2514021098613739 0.024340689182281494 0.054556556046009064 0.015208011493086815 44
6 0.2392578125 0.036621082574129105 0.057506013661623 0.015173543244600296 46
6 0.22802734375 0.0458984300494194 0.051624394953250885 0.012447365559637547 44
6 0.2128906399011612 0.0517578199505806 0.039487507194280624 0.011759145185351372 48
12 0.5905314683914185 0.2570381760597229 0.5842064023017883 0.017267821356654167 45
12 0.47171473503112793 0.3667287826538086 0.5738440752029419 0.015199780464172363 45
12 0.3563688099384308 0.48185503482818604 0.5738840103149414 0.01657136343419552 46
12 0.2377929985523224 0.59765625 0.5753743648529053 0.016572266817092896 45
6 0.04052736610174179 0.4404296875 0.044209837913513184 0.015240240842103958 138
6 0.015433470718562603 0.42209622263908386 0.052553221583366394 0.01517074927687645 138
6 0.06030275300145149 0.4650879502296448 0.0504089780151844 0.01657281443476677 135
6 0.0727539137005806 0.4750977158546448 0.04695630818605423 0.01519174687564373 135
6 0.08105465024709702 0.48876953125 0.053408753126859665 0.017952371388673782 136
6 0.09375004470348358 0.49853515625 0.04902791604399681 0.015882285311818123 135
6 0.1015624925494194 0.5122070908546448 0.05731431767344475 0.015882279723882675 135
6 0.1171875 0.5185546875 0.04554692283272743 0.015888459980487823 131
6 0.12646484375 0.5322265625 0.050313543528318405 0.016531869769096375 131
6 0.14127930998802185 0.5392636060714722 0.04088754206895828 0.01576724275946617 130
6 0.1494140923023224 0.5502930283546448 0.04212257266044617 0.01450121309608221 135
6 0.043624378740787506 0.22428376972675323 0.04903277009725571 0.01589043065905571 44
6 0.054107390344142914 0.21085679531097412 0.04290211573243141 0.014515587128698826 41
6 0.06587419658899307 0.19967001676559448 0.049890775233507156 0.015253961086273193 40
6 0.07373046875 0.18701171875 0.043057456612586975 0.013879489153623581 39
6 0.0893554836511612 0.18115234375 0.057011041790246964 0.015187229961156845 46
6 0.1064453125 0.1718750149011612 0.056139323860406876 0.016552135348320007 42
6 0.1171874925494194 0.15087890625 0.047281134873628616 0.013134775683283806 43
6 0.13232421875 0.1425781100988388 0.055773526430130005 0.01677895523607731 51
6 0.14208984375 0.1240234375 0.046497639268636703 0.01519005373120308 44
6 0.1538086086511612 0.1103515774011612 0.043503642082214355 0.011739077046513557 45
6 0.17431640625 0.0903320387005806 0.0404287651181221 0.013250982388854027 40
6 0.18956153094768524 0.08505674451589584 0.0560397133231163 0.015894651412963867 41
6 0.19401031732559204 0.06803999841213226 0.03660481423139572 0.011750017292797565 46
6 0.2026367336511612 0.0595703199505806 0.0379793681204319 0.011739076115190983 45
6 0.2343749850988388 0.6396484971046448 0.051099520176649094 0.015191749669611454 135
6 0.2558593451976776 0.6611328125 0.05015945807099342 0.015185890719294548 133
6 0.8886719346046448 0.23486328125 0.029957860708236694 0.011045556515455246 136
6 0.8632811903953552 0.73828125 0.06300657242536545 0.01793617755174637 48
6 0.6697563529014587 0.8299183249473572 0.03936649113893509 0.013130239211022854 44
6 0.6826171875 0.818359375 0.035437487065792084 0.012474877759814262 43
6 0.6912464499473572 0.8846001625061035 0.03936649113893509 0.01313023827970028 46
6 0.7084960341453552 0.9082030653953552 0.03376627713441849 0.011111125349998474 19
6 0.7146819233894348 0.927067220211029 0.0282420814037323 0.011758913286030293 48
6 0.7605936527252197 0.8260295987129211 0.06492488086223602 0.019330574199557304 44
6 0.755859375 0.8730469346046448 0.04833737760782242 0.01519174687564373 45
6 0.7119140625 0.8671874403953552 0.07891440391540527 0.019482608884572983 49
6 0.7841313481330872 0.8940477967262268 0.01962866261601448 0.00971716083586216 84
6 0.7916475534439087 0.7874852418899536 0.056030429899692535 0.01589728519320488 43
6 0.8064603209495544 0.7781251668930054 0.06284238398075104 0.014523101039230824 46
6 0.8176227807998657 0.7678661942481995 0.05476577952504158 0.016004610806703568 50
6 0.8310546875 0.7573241591453552 0.058136265724897385 0.015897149220108986 48
6 0.8466796875 0.74658203125 0.06209726631641388 0.017943689599633217 47
6 0.8715819716453552 0.720703125 0.06249287724494934 0.015925252810120583 44
6 0.2670898735523224 0.6718749403953552 0.04971298947930336 0.015178201720118523 133
6 0.8810265064239502 0.7023237943649292 0.053175605833530426 0.015871979296207428 44
6 0.8954654335975647 0.6928728818893433 0.06634867191314697 0.01733703911304474 43
6 0.9108306765556335 0.6817643642425537 0.07120875269174576 0.01944613642990589 42
6 0.9178268909454346 0.6647055745124817 0.05393079295754433 0.01589728519320488 43
6 0.9340821504592896 0.6562500596046448 0.05731431767344475 0.018644414842128754 45
6 0.9462891221046448 0.64404296875 0.049654681235551834 0.0137983663007617 47
6 0.9517861604690552 0.627587080001831 0.04973762854933739 0.013843704015016556 43
6 0.9653319716453552 0.6181639432907104 0.05778300017118454 0.014613723382353783 41
6 0.9731445908546448 0.60302734375 0.04419416934251785 0.01519174687564373 45
6 0.9523212313652039 0.3035450577735901 0.03384321182966232 0.010369942523539066 136
6 0.9389649629592896 0.28515625 0.028589708730578423 0.011045258492231369 136
6 0.9201661348342896 0.2658692002296448 0.027621358633041382 0.011739077046513557 135
6 0.9096679091453552 0.2607422173023224 0.031569041311740875 0.009764871560037136 126
6 0.90380859375 0.2490234375 0.02998996712267399 0.012426250614225864 136
6 0.7169559597969055 0.7687209844589233 0.03108169697225094 0.010370793752372265 46
6 0.7295653820037842 0.7544653415679932 0.04212822765111923 0.012427940033376217 44
6 0.7001953721046448 0.7451173067092896 0.040050968527793884 0.01519174687564373 135
6 0.6650390625 0.7080077528953552 0.03100893273949623 0.009752809070050716 50
6 0.2778320610523224 0.68212890625 0.04992746189236641 0.014490049332380295 134
6 0.2890625298023224 0.6923828125 0.04695630818605423 0.013810679316520691 135
6 0.2980957329273224 0.7038574814796448 0.044884707778692245 0.01519174687564373 135
6 0.3095703423023224 0.7128906846046448 0.04281310364603996 0.01519174687564373 135
6 0.3198241889476776 0.7285155653953552 0.04740450903773308 0.016591576859354973 136
6 0.330810546875 0.738525390625 0.04902791604399681 0.013810680247843266 135
6 0.3429683744907379 0.7468875646591187 0.04283537715673447 0.016564197838306427 137
6 0.3513945937156677 0.7625871300697327 0.053275153040885925 0.017210960388183594 132
6 0.3642577826976776 0.7709961533546448 0.046497639268636703 0.01519005373120308 134
6 0.37353515625 0.7841797471046448 0.052625805139541626 0.014517460018396378 132
6 0.38492459058761597 0.7938052415847778 0.04973762854933739 0.015224238857626915 133
6 0.4060059189796448 0.8146973848342896 0.04488470405340195 0.01519174687564373 135
6 0.3957520127296448 0.8049317598342896 0.04419416934251785 0.013120143674314022 135
6 0.4173131585121155 0.8258559107780457 0.047651853412389755 0.014509699307382107 134
6 0.4191340506076813 0.8787424564361572 0.06430634111166 0.017277155071496964 43
6 0.23193365335464478 0.8999024629592896 0.040050968527793884 0.011048542335629463 135
6 0.24804693460464478 0.9072266817092896 0.07181552797555923 0.019334949553012848 135
6 0.19730684161186218 0.8783653378486633 0.028521647676825523 0.012505387887358665 128
6 0.15900090336799622 0.9376999139785767 0.024897558614611626 0.009652591310441494 132
6 0.251953125 0.927734375 0.052730172872543335 0.014630972407758236 140
6 0.27370038628578186 0.9566931128501892 0.05985778197646141 0.014896733686327934 146
6 0.2803223133087158 0.9726243019104004 0.05715185031294823 0.01625281758606434 147
6 0.2878459393978119 0.9890968799591064 0.06284237653017044 0.017072608694434166 147
6 0.5851079225540161 0.876365065574646 0.029523862525820732 0.009206017479300499 146
6 0.5561956167221069 0.8080089092254639 0.05644666403532028 0.014833934605121613 53
6 0.5741246938705444 0.7918819785118103 0.052643872797489166 0.0138765349984169 50
6 0.5922852158546448 0.7719727158546448 0.04407638683915138 0.016013910993933678 51
6 0.6875 0.72998046875 0.03960874676704407 0.013808554038405418 134
6 0.6727728247642517 0.697677731513977 0.043509114533662796 0.01380893774330616 44
6 0.5395508408546448 0.6303711533546448 0.03728882968425751 0.013810679316520691 135
6 0.5310059189796448 0.6188965439796448 0.04281310364603996 0.013120143674314022 135
6 0.521484375 0.6103515625 0.04026283696293831 0.011725158430635929 134
6 0.5229492783546448 0.14990234375 0.0370737761259079 0.01175001636147499 134
6 0.6802634000778198 0.3114281892776489 0.03317439183592796 0.010377777740359306 133
6 0.6704102158546448 0.3046875298023224 0.029957860708236694 0.011045556515455246 134
6 0.6630860567092896 0.29833984375 0.028862787410616875 0.010310600511729717 132
6 0.65673828125 0.2890625298023224 0.030634354799985886 0.010378681123256683 132
6 0.6481934189796448 0.280029296875 0.03176456317305565 0.013120143674314022 135
6 0.6336190700531006 0.26479193568229675 0.03455431014299393 0.011094913817942142 133
6 0.6252442002296448 0.2561035454273224 0.03314562886953354 0.008976941928267479 135
6 0.6169358491897583 0.24686649441719055 0.03389952331781387 0.012406379915773869 131
6 0.6092225313186646 0.23647448420524597 0.03384321182966232 0.013131503015756607 136
6 0.5854427814483643 0.21626386046409607 0.03803582489490509 0.01168404333293438 138
6 0.5693359375 0.1982422024011612 0.035106293857097626 0.013799644075334072 133
6 0.5585938096046448 0.1933593899011612 0.027895487844944 0.010336905717849731 134
6 0.552734375 0.1826171875 0.03369184210896492 0.012418833561241627 133
6 0.53076171875 0.1577148288488388 0.03340253233909607 0.011721733957529068 136
6 0.51318359375 0.1430663913488388 0.03200218454003334 0.010340109467506409 136
6 0.504638671875 0.1350097507238388 0.031074028462171555 0.009667474776506424 135
6 0.49875640869140625 0.12382770329713821 0.03389952331781387 0.009649407118558884 139
6 0.4924316704273224 0.1159667819738388 0.033836159855127335 0.009667474776506424 135
6 0.490234375 0.002441406948491931 0.014977478422224522 0.009656531736254692 138
6 0.5244140625 0.0341796949505806 0.03369184210896492 0.012418835423886776 133
6 0.5341115593910217 0.043531060218811035 0.03317439183592796 0.01175764761865139 133
6 0.5426430702209473 0.05208998918533325 0.03384321182966232 0.01175072230398655 136
6 0.55615234375 0.0664062350988388 0.032668083906173706 0.009665288031101227 136
6 0.5646122097969055 0.07406630367040634 0.03246244043111801 0.011751110665500164 136
6 0.57958984375 0.09375 0.03911281377077103 0.014513559639453888 131
6 0.59765625 0.10595700144767761 0.02916666679084301 0.011758633889257908 138
6 0.60498046875 0.1147460788488388 0.03015051782131195 0.010371264070272446 136
6 0.6884765028953552 0.3212890326976776 0.032032862305641174 0.011720838025212288 134
6 0.6992188096046448 0.3271484971046448 0.03343190997838974 0.013102488592267036 134
6 0.7099609971046448 0.3461913764476776 0.02725827880203724 0.012425526976585388 134
6 0.7208920121192932 0.3527090549468994 0.029760798439383507 0.013138305395841599 132
6 0.5527344346046448 0.2573242485523224 0.0379793681204319 0.013120143674314022 135
6 0.5707208514213562 0.276407927274704 0.038694556802511215 0.014565912075340748 137
6 0.5820313096046448 0.2851562798023224 0.03728882968425751 0.012429611757397652 135
6 0.588715672492981 0.2996699810028076 0.04363131895661354 0.01305695716291666 132
6 0.6013184189796448 0.3044433891773224 0.03452669829130173 0.013120143674314022 135
6 0.6059998273849487 0.31896528601646423 0.0412127822637558 0.014439518563449383 126
6 0.6203613877296448 0.324951171875 0.03659829869866371 0.015191745944321156 135
6 0.628095269203186 0.3348010778427124 0.03936649113893509 0.01313023827970028 136
6 0.63720703125 0.3447265923023224 0.04074149951338768 0.01450121309608221 135
6 0.6475736498832703 0.35114938020706177 0.03461899235844612 0.014517643488943577 138
6 0.6595112085342407 0.36295565962791443 0.03798564895987511 0.013130530714988708 134
6 0.667724609375 0.372802734375 0.03590776398777962 0.013120143674314022 135
6 0.67529296875 0.3837890923023224 0.04164540022611618 0.01456399168819189 137
6 0.6843916773796082 0.3937118649482727 0.04212822765111923 0.01315233763307333 136
6 0.6972656846046448 0.4013672173023224 0.035106293857097626 0.013799644075334072 133
6 0.7041015028953552 0.412109375 0.03982677683234215 0.013130239211022854 136
6 0.7111513614654541 0.4231017827987671 0.04493248835206032 0.013859666883945465 138
6 0.72705078125 0.42919930815696716 0.029829218983650208 0.009003233164548874 139
6 0.73291015625 0.4418945610523224 0.03980255126953125 0.014511095359921455 136
6 0.751220703125 0.461669921875 0.04074149951338768 0.013810678385198116 135
6 0.7612305283546448 0.4702148139476776 0.03843756392598152 0.013130530714988708 136
6 0.8016401529312134 0.4338555634021759 0.03263823315501213 0.011600159108638763 129
6 0.7940799593925476 0.37680158019065857 0.028384685516357422 0.011759370565414429 42
6 0.7782394886016846 0.41008347272872925 0.035277433693408966 0.013138305395841599 132
6 0.7691061496734619 0.40032249689102173 0.035934314131736755 0.013136990368366241 133
6 0.7582949995994568 0.395099401473999 0.029765136539936066 0.011662552133202553 131
6 0.7524414658546448 0.3857422471046448 0.032455094158649445 0.011739077046513557 135
6 0.7351074814796448 0.37182626128196716 0.027621358633041382 0.010358009487390518 135
6 0.7291145920753479 0.3614766001701355 0.033244989812374115 0.013138305395841599 132
6 0.561095654964447 0.004951949696987867 0.023518022149801254 0.010381001979112625 139
6 0.533203125 0.2373047024011612 0.038669899106025696 0.011048542335629463 135
6 0.1313476711511612 0.7548828125 0.04651825875043869 0.016570966690778732 134
6 0.006219911389052868 0.6199952363967896 0.03002207912504673 0.014160146936774254 134
6 0.013671847991645336 0.6357422471046448 0.049718450754880905 0.013810680247843266 135
6 0.02099609375 0.64990234375 0.04557524248957634 0.013810679316520691 135
6 0.0351562537252903 0.65869140625 0.05179005116224289 0.015882285311818123 135
6 0.03670234978199005 0.6766725182533264 0.0283203125 0.00966460071504116 134
6 0.06284715980291367 0.6900904178619385 0.05111818015575409 0.015186202712357044 133
6 0.07429524511098862 0.7015992403030396 0.04903277009725571 0.013789859600365162 136
6 0.08300779014825821 0.7153320908546448 0.04212257266044617 0.01450121309608221 135
6 0.09188372641801834 0.7269773483276367 0.04212822765111923 0.013831459917128086 134
6 0.107421875 0.7333984375 0.0450386106967926 0.0172768272459507 132
6 0.11914067715406418 0.7451172471046448 0.045314185321331024 0.016540540382266045 131
6 0.1386718451976776 0.767578125 0.05054604262113571 0.014517338946461678 133
6 0.56982421875 0.01171875186264515 0.02810267172753811 0.010375314392149448 141
6 0.14444372057914734 0.7837512493133545 0.04145505279302597 0.014470160007476807 133
6 0.1606445610523224 0.7890625 0.05254904553294182 0.016614768654108047 133
6 0.1740722507238388 0.7995606660842896 0.05731431767344475 0.01657281443476677 135
6 0.18212890625 0.8144531846046448 0.04653831198811531 0.01662963442504406 139
6 0.1997070163488388 0.8374024033546448 0.042534612119197845 0.011756249703466892 140
6 0.9726563096046448 0.8740234375 0.05531242489814758 0.017467081546783447 27
6 0.9658202528953552 0.8916015028953552 0.05887889489531517 0.015281791798770428 28
6 0.9538024067878723 0.9026602506637573 0.06080620735883713 0.018412815406918526 30
6 0.9453126192092896 0.9174805283546448 0.05690661072731018 0.014396621845662594 31
6 0.9316406846046448 0.9277344346046448 0.06240127608180046 0.017925400286912918 30
6 0.9217743873596191 0.9435228109359741 0.06551218032836914 0.017401672899723053 32
6 0.9194337129592896 0.9624024629592896 0.04647842049598694 0.0135605214163661 32
6 0.90380859375 0.9702147841453552 0.06155537813901901 0.01624962128698826 34
6 0.8698245882987976 0.9894236326217651 0.055860746651887894 0.017413800582289696 36
6 0.64697265625 0.00390625 0.016857121139764786 0.009718339890241623 133
6 0.5751953125 0.02148434892296791 0.02244034968316555 0.00976412184536457 128
6 0.5929457545280457 0.033978626132011414 0.029035286977887154 0.011101726442575455 138
6 0.5998535752296448 0.0427246168255806 0.02554975636303425 0.009667475707828999 135
6 0.6145020127296448 0.05639646202325821 0.026930823922157288 0.011048542335629463 135
6 0.6234467029571533 0.06453417986631393 0.03179457038640976 0.01037822850048542 137
6 0.63232421875 0.07128909230232239 0.031575024127960205 0.01031597051769495 138
6 0.6458409428596497 0.0865742489695549 0.03108169697225094 0.01175151951611042 136
6 0.6528246998786926 0.09418099373579025 0.029765136539936066 0.00890711322426796 139
6 0.6599121689796448 0.1022949069738388 0.03176456317305565 0.011739076115190983 135
6 0.666236937046051 0.10960554331541061 0.028387578204274178 0.009641697630286217 139
6 0.6749950647354126 0.11603578180074692 0.03317439183592796 0.012418835423886776 137
6 0.6816709041595459 0.12552282214164734 0.030408067628741264 0.011115940287709236 139
6 0.68994140625 0.1333007663488388 0.025436757132411003 0.010497086681425571 140
6 0.6135254502296448 0.12231448292732239 0.03038349375128746 0.011739077046513557 135
6 0.6214129328727722 0.1295797973871231 0.030414866283535957 0.011037148535251617 132
6 0.6304078698158264 0.137619286775589 0.030414866283535957 0.011695614084601402 138
6 0.6392377614974976 0.14540965855121613 0.026939677074551582 0.009699699468910694 136
6 0.645751953125 0.155517578125 0.03176455944776535 0.013120143674314022 135
6 0.6679688096046448 0.1791992485523224 0.03245509788393974 0.013120143674314022 135
6 0.6782227158546448 0.18798832595348358 0.026240287348628044 0.011048542335629463 135
6 0.68505859375 0.1962890923023224 0.029059473425149918 0.009742481634020805 131
6 0.693359375 0.2041015475988388 0.029461005702614784 0.01112971268594265 130
6 0.7012064456939697 0.21188382804393768 0.031143005937337875 0.011759011074900627 139
6 0.7094727158546448 0.2202148139476776 0.0294951219111681 0.009656530804932117 138
6 0.7170649766921997 0.2287093698978424 0.032521143555641174 0.012492341920733452 139
6 0.73193359375 0.24169917404651642 0.031143005937337875 0.010381001979112625 139
6 0.6787589192390442 0.015584973618388176 0.022881587967276573 0.009002592414617538 140
6 0.6680033206939697 0.01039591059088707 0.03008383698761463 0.009541871026158333 126
6 0.6580244302749634 0.007035735994577408 0.024897558614611626 0.009652591310441494 132
6 0.54150390625 0.2480468451976776 0.03756997734308243 0.011756591498851776 133
6 0.5214844346046448 0.22998046875 0.04074149951338768 0.013120143674314022 135
6 0.5131073594093323 0.5996880531311035 0.043509114533662796 0.01380893774330616 134
6 0.4663086235523224 0.3979492485523224 0.036358945071697235 0.011040380224585533 133
6 0.3111579716205597 0.2444489449262619 0.04088754206895828 0.013248216360807419 140
6 0.31907254457473755 0.25664758682250977 0.04713874310255051 0.014505785889923573 140
6 0.3315429985523224 0.2666015625 0.040957994759082794 0.012427826412022114 136
6 0.3400879204273224 0.2775879204273224 0.04695630818605423 0.015882279723882675 135
6 0.3530273735523224 0.283203125 0.03838782757520676 0.01032535545527935 133
6 0.3691406548023224 0.3056640625 0.0418691411614418 0.012422713451087475 133
6 0.3811035454273224 0.3166504204273224 0.04833738133311272 0.015882285311818123 135
6 0.4003906846046448 0.3310547173023224 0.040050968527793884 0.012429609894752502 135
6 0.4091796875 0.34228515625 0.03960874676704407 0.013808554038405418 134
6 0.4200877249240875 0.35042643547058105 0.03522399812936783 0.0117503572255373 136
6 0.4267578423023224 0.3623046875 0.04281310737133026 0.012429609894752502 135
6 0.4365234673023224 0.3730469346046448 0.04102667048573494 0.01246982254087925 137
6 0.44710609316825867 0.3820017874240875 0.03522399812936783 0.0117503572255373 134
6 0.4578297734260559 0.3897748291492462 0.03601384907960892 0.012392998673021793 131
6 0.474609375 0.4101562201976776 0.04237525165081024 0.01384902372956276 137
6 0.6341635584831238 0.5748584866523743 0.0455961674451828 0.012382077984511852 133
6 0.4851074814796448 0.4201660752296448 0.0379793681204319 0.012429609894752502 135
6 0.4946289360523224 0.42919921875 0.03777444362640381 0.012421094812452793 133
6 0.511859655380249 0.43195775151252747 0.02150655910372734 0.009755551815032959 129
6 0.5138988494873047 0.4465234577655792 0.03803582489490509 0.012486381456255913 138
6 0.5234375596046448 0.4570313096046448 0.04170135036110878 0.011901388876140118 142
6 0.5336914658546448 0.4658203721046448 0.03521723300218582 0.011739077046513557 135
6 0.5410156846046448 0.4755859375 0.03823447972536087 0.012472210451960564 137
6 0.551031231880188 0.48408156633377075 0.03463700786232948 0.009636688977479935 130
6 0.560458242893219 0.49518582224845886 0.038285739719867706 0.014646722003817558 142
6 0.5721326470375061 0.5054798126220703 0.04163869097828865 0.010375316254794598 141
6 0.5782878994941711 0.5184029340744019 0.04074735566973686 0.014487428590655327 134
6 0.5999287962913513 0.532877504825592 0.03660481423139572 0.011750017292797565 136
6 0.60895174741745 0.5458310842514038 0.04074735566973686 0.011046956293284893 134
6 0.61865234375 0.5556640625 0.04170810803771019 0.013135869987308979 133
6 0.30535832047462463 0.23274165391921997 0.03455431014299393 0.012419679202139378 137
6 0.2954101860523224 0.2246094048023224 0.04074149951338768 0.011739077046513557 135
6 0.28557372093200684 0.21491697430610657 0.04212822765111923 0.012427940033376217 134
6 0.2740628719329834 0.20739051699638367 0.0455961674451828 0.012423908337950706 137
6 0.5037354230880737 0.5909969806671143 0.04074735566973686 0.011749094352126122 134
6 0.4930737614631653 0.583101749420166 0.0372561439871788 0.015892483294010162 134
6 0.4812297523021698 0.5729963183403015 0.035278111696243286 0.011029478162527084 132
6 0.4780273139476776 0.55810546875 0.045017387717962265 0.013138031587004662 138
6 0.45662960410118103 0.5428792834281921 0.04212822765111923 0.015189704485237598 134
6 0.4462122917175293 0.5347143411636353 0.038694556802511215 0.01446732971817255 133
6 0.43798828125 0.5224609375 0.0403127484023571 0.013136149384081364 137
6 0.4296875596046448 0.5107421875 0.04419416934251785 0.013810679316520691 135
6 0.41934120655059814 0.5020191073417664 0.04283537715673447 0.014471410773694515 133
6 0.4067383408546448 0.4936523735523224 0.03673049435019493 0.015233602374792099 137
6 0.3891601860523224 0.4741211533546448 0.040050968527793884 0.013810679316520691 135
6 0.378643274307251 0.46752119064331055 0.03665689006447792 0.012487797997891903 132
6 0.36945462226867676 0.4547581076622009 0.03936649113893509 0.011749383993446827 136
6 0.3623047173023224 0.443359375 0.04419416934251785 0.013810678385198116 135
6 0.35009765625 0.4365234673023224 0.03471990302205086 0.01313726045191288 137
6 0.32870200276374817 0.41982898116111755 0.02970098704099655 0.011045556515455246 134
6 0.3256836533546448 0.4062500298023224 0.03985293209552765 0.013087140396237373 137
6 0.3134765326976776 0.3989257514476776 0.03823671117424965 0.013808398507535458 136
6 0.30681008100509644 0.384591281414032 0.04903277009725571 0.014509500004351139 134
6 0.29409337043762207 0.3776203989982605 0.03875751048326492 0.014517643488943577 132
6 0.27639150619506836 0.35934802889823914 0.0394149124622345 0.014517460949718952 132
6 0.2646484375 0.35009765625 0.03549474477767944 0.013808023184537888 136
6 0.2486293464899063 0.3280489444732666 0.043509114533662796 0.015167913399636745 136
6 0.2377929985523224 0.3198242485523224 0.038669902831315994 0.009667475707828999 135
6 0.2282715141773224 0.3107910454273224 0.0379793681204319 0.013810679316520691 135
6 0.21872420608997345 0.29872310161590576 0.04343258589506149 0.01589728519320488 133
6 0.2001953125 0.2817383110523224 0.038272224366664886 0.015162992291152477 134
6 0.2626953125 0.181640625 0.028203528374433517 0.011131176725029945 144
6 0.2666015625 0.1948242038488388 0.041472095996141434 0.01386299543082714 138
6 0.626953125 0.564453125 0.041238851845264435 0.011749094352126122 136
6 0.6450194716453552 0.5805663466453552 0.037432797253131866 0.011909261345863342 143
6 0.5026856064796448 0.2102051079273224 0.044884707778692245 0.013810679316520691 135
6 0.45586419105529785 0.08471085876226425 0.031875308603048325 0.012506102211773396 129
6 0.36123546957969666 0.2143416404724121 0.0410272479057312 0.012668470852077007 128
6 0.3552478551864624 0.20092663168907166 0.043552935123443604 0.013795049861073494 132
6 0.3430176079273224 0.1965332329273224 0.03452669829130173 0.011739077046513557 135
6 0.3354492485523224 0.18603515625 0.03843756392598152 0.013130532577633858 134
6 0.32584628462791443 0.17610125243663788 0.04074735566973686 0.013129962608218193 134
6 0.31780025362968445 0.16511225700378418 0.04212822765111923 0.012427940033376217 134
6 0.3074735701084137 0.15518727898597717 0.03672110289335251 0.014517643488943577 132
6 0.29638671875 0.146484375 0.04026515409350395 0.014516395516693592 133
6 0.37110310792922974 0.07323382049798965 0.03803582489490509 0.013138281181454659 138
6 0.410234272480011 0.03459290415048599 0.03522399812936783 0.011046419851481915 136
6 0.4188929498195648 0.041548535227775574 0.03463700786232948 0.010380088351666927 140
6 0.423828125 0.05029296875 0.03568252921104431 0.011130577884614468 129
6 0.4281746447086334 0.06351657956838608 0.023381734266877174 0.011128205806016922 140
6 0.44181323051452637 0.06551454216241837 0.03246244043111801 0.011046042665839195 134
6 0.4664647579193115 0.09016940742731094 0.03384321182966232 0.011750723235309124 134
6 0.65185546875 0.5937500596046448 0.045144956558942795 0.01657085493206978 136
6 0.4001465141773224 0.1018066555261612 0.03936043381690979 0.011048542335629463 135
6 0.4090985655784607 0.1119040697813034 0.035934314131736755 0.01175694353878498 133
6 0.4187854826450348 0.12223589420318604 0.03936649113893509 0.013130239211022854 134
6 0.4282226860523224 0.13232421875 0.0405031256377697 0.012422229163348675 133
6 0.4374696612358093 0.14255115389823914 0.03665679693222046 0.011759370565414429 132
6 0.4467773139476776 0.15087890625 0.04028706252574921 0.013106013648211956 134
6 0.4729004502296448 0.10083010792732239 0.03176456317305565 0.011739077046513557 135
6 0.480224609375 0.111083984375 0.029002424329519272 0.011739077046513557 135
6 0.4538574516773224 0.1628417819738388 0.04695630818605423 0.014501212164759636 135
6 0.46733376383781433 0.16948756575584412 0.03665659576654434 0.013138305395841599 138
6 0.4751652777194977 0.17962920665740967 0.037390995770692825 0.011758014559745789 139
6 0.4853515028953552 0.1875 0.03665679693222046 0.011840470135211945 138
6 0.4962506592273712 0.1969011127948761 0.03737800195813179 0.014517643488943577 138
6 0.5122070908546448 0.21972660720348358 0.04212257266044617 0.013120143674314022 135
6 0.3718262016773224 0.2272949516773224 0.038669899106025696 0.011739076115190983 135
6 0.3833008110523224 0.23486328125 0.043770451098680496 0.013848025351762772 133
6 0.3889632523059845 0.24577005207538605 0.026276610791683197 0.009726700372993946 132
6 0.40185546875 0.25341796875 0.0412154458463192 0.013129962608218193 136
6 0.6965866088867188 0.551486611366272 0.04290211573243141 0.012492741458117962 131
6 0.6855469346046448 0.5429688096046448 0.04143203794956207 0.013810679316520691 135
6 0.6760268211364746 0.5339612364768982 0.0401407852768898 0.013138305395841599 132
6 0.6663433313369751 0.5231385231018066 0.04226383566856384 0.014509155414998531 130
6 0.6579946875572205 0.5104818344116211 0.046312130987644196 0.013796856626868248 132
6 0.6489258408546448 0.50341796875 0.04088765010237694 0.011758998967707157 132
6 0.6405375599861145 0.4927483797073364 0.03798564895987511 0.012452664785087109 134
6 0.6274414658546448 0.4868164658546448 0.03452669829130173 0.011048542335629463 135
6 0.6185100674629211 0.4781757891178131 0.03246244043111801 0.013131867162883282 134
6 0.6029511094093323 0.4551568925380707 0.043509114533662796 0.01380893774330616 134
6 0.590675413608551 0.4483993649482727 0.03798564895987511 0.014486265368759632 136
6 0.5825194716453552 0.4360351264476776 0.03980255126953125 0.014511095359921455 136
6 0.572265625 0.4277344048023224 0.042603615671396255 0.013129700906574726 136
6 0.5615234375 0.41748046875 0.03751886263489723 0.01313671376556158 133
6 0.55322265625 0.4067383110523224 0.0391874834895134 0.013801881112158298 133
6 0.54296875 0.3989257514476776 0.03984375298023224 0.010351561941206455 127
6 0.533278226852417 0.39152929186820984 0.0372561439871788 0.013130838051438332 136
6 0.5233386754989624 0.37362542748451233 0.046312130987644196 0.02489612065255642 138
6 0.5087890625 0.3583984076976776 0.030182624235749245 0.008990569040179253 136
6 0.4958496689796448 0.3518066704273224 0.03659829869866371 0.013810678385198116 135
6 0.48736515641212463 0.33928632736206055 0.0415240079164505 0.013137021102011204 131
6 0.4770508110523224 0.3310546875 0.03659829869866371 0.013120143674314022 135
6 0.467111200094223 0.3209530711174011 0.04145505279302597 0.01384902372956276 133
6 0.45656996965408325 0.31203600764274597 0.039414916187524796 0.013065719045698643 132
6 0.45068359375 0.3017577826976776 0.04194098711013794 0.011070361360907555 136
6 0.44038236141204834 0.29162508249282837 0.04290211573243141 0.014426670037209988 131
6 0.42909476161003113 0.2852560579776764 0.02970098704099655 0.012426250614225864 136
6 0.42029738426208496 0.2716144919395447 0.038768425583839417 0.014513560570776463 131
6 0.4116211533546448 0.2612304985523224 0.0390888974070549 0.011041504330933094 133
12 0.7046039700508118 0.181640625 0.5254968404769897 0.015211701393127441 45
