6 0.7077817916870117 0.3126995265483856 0.022140201181173325 0.009648648090660572 139
6 0.7690430879592896 0.3706054985523224 0.02707507088780403 0.011105858720839024 132
6 0.7625901699066162 0.3609257936477661 0.0283203125 0.011078933253884315 134
6 0.7565889358520508 0.3532341718673706 0.02701038494706154 0.009638998657464981 131
6 0.740478515625 0.3400878608226776 0.026240287348628044 0.011739077046513557 135
6 0.7320916056632996 0.33141934871673584 0.028521647676825523 0.008994515985250473 142
6 0.7269530892372131 0.32246097922325134 0.02929687686264515 0.01171875186264515 143
6 0.7849321961402893 0.285900354385376 0.032521143555641174 0.011026104912161827 139
6 0.7773438096046448 0.2773437201976776 0.03314562886953354 0.011048542335629463 135
6 0.7727051973342896 0.2673340141773224 0.026930823922157288 0.011048542335629463 135
6 0.7638309001922607 0.26155248284339905 0.03108169697225094 0.010370793752372265 134
6 0.7556123733520508 0.2517462968826294 0.028493307530879974 0.01101600006222725 139
6 0.7503477931022644 0.24376605451107025 0.026385266333818436 0.009758935309946537 141
6 0.7398192286491394 0.23771600425243378 0.027576882392168045 0.010372307151556015 134
6 0.72119140625 0.3139648735523224 0.033955782651901245 0.010380849242210388 139
6 0.7048923373222351 0.3021034896373749 0.02774391695857048 0.010381001979112625 139
6 0.7412956953048706 0.406649649143219 0.03108169697225094 0.011045815423130989 134
6 0.6973466873168945 0.29533621668815613 0.030414866283535957 0.010378681123256683 138
6 0.2822265923023224 0.60009765625 0.03960874676704407 0.013808554038405418 134
6 0.2917480766773224 0.6091309189796448 0.038669902831315994 0.013120145536959171 135
6 0.2993164360523224 0.6196289658546448 0.0394149124622345 0.013138305395841599 138
6 0.3081055283546448 0.6323242783546448 0.048572469502687454 0.015870608389377594 134
6 0.31884765625 0.64208984375 0.04235081374645233 0.012402082793414593 131
6 0.3281249701976776 0.6503905653953552 0.04580353945493698 0.014488874934613705 134
6 0.3383789658546448 0.6591797471046448 0.044144157320261 0.01241554319858551 132
6 0.3495379090309143 0.6683022379875183 0.042398735880851746 0.013726210221648216 129
6 0.35498046875 0.6806640625 0.04098140075802803 0.01380869559943676 134
6 0.3686523139476776 0.6879883408546448 0.03702166676521301 0.014511659741401672 136
6 0.37744140625 0.69677734375 0.034012049436569214 0.013137822039425373 139
6 0.3852538764476776 0.70751953125 0.04332517832517624 0.015183848328888416 137
6 0.3956550061702728 0.7166283130645752 0.04283537715673447 0.013848026283085346 137
6 0.7770341634750366 0.3797398507595062 0.02501220442354679 0.010370914824306965 141
6 0.751708984375 0.412353515625 0.026930823922157288 0.011048542335629463 135
6 0.8222657442092896 0.4233399033546448 0.028556033968925476 0.00966460071504116 136
6 0.8374024629592896 0.33544930815696716 0.029263200238347054 0.010338093154132366 136
6 0.8249402046203613 0.31906449794769287 0.02563360333442688 0.00825930293649435 140
6 0.9072266221046448 0.5048828125 0.02900242619216442 0.009667475707828999 135
6 0.8977051973342896 0.4978027939796448 0.028311889618635178 0.012429609894752502 135
6 0.8884278535842896 0.4904785752296448 0.026930823922157288 0.011048542335629463 135
6 0.86279296875 0.52978515625 0.03242281451821327 0.009750773198902607 140
6 0.8516950011253357 0.5223031044006348 0.03731440007686615 0.011092088185250759 137
6 0.8745116591453552 0.4760742485523224 0.02736448124051094 0.010372307151556015 136
6 0.8693196773529053 0.46663498878479004 0.027655860409140587 0.009655412286520004 138
6 0.8604151606559753 0.46185916662216187 0.028387578204274178 0.0117581682279706 139
6 0.8513184785842896 0.4548340439796448 0.026240291073918343 0.008976941928267479 135
6 0.8478086590766907 0.4422237277030945 0.03246244043111801 0.01175110973417759 134
6 0.8374024033546448 0.4370117783546448 0.03091655671596527 0.011037148535251617 132
6 0.8309884667396545 0.4292721152305603 0.029035286977887154 0.010379130020737648 132
6 0.8151856660842896 0.4147949814796448 0.027621358633041382 0.011739077046513557 135
6 0.7563477158546448 0.4238280951976776 0.03409682214260101 0.012427023611962795 134
6 0.8073731064796448 0.408935546875 0.024859219789505005 0.008976940996944904 135
6 0.8020809888839722 0.39928945899009705 0.03049326501786709 0.011759370565414429 138
6 0.79150390625 0.3935547173023224 0.027361158281564713 0.010517962276935577 141
6 0.7842863202095032 0.386130154132843 0.0227980837225914 0.009663039818406105 137
6 0.8453124761581421 0.513867199420929 0.03325984627008438 0.01101600006222725 139
6 0.8371583223342896 0.5041504502296448 0.03314562886953354 0.011739077046513557 135
6 0.8284786939620972 0.4967460334300995 0.03179457038640976 0.009718339890241623 137
6 0.82275390625 0.48681640625 0.02736448124051094 0.010372307151556015 134
6 0.8051758408546448 0.4736328125 0.03132716193795204 0.011045815423130989 136
6 0.7971192598342896 0.4655762314796448 0.033836159855127335 0.011048542335629463 135
6 0.7885742783546448 0.4580078125 0.033608175814151764 0.01107542123645544 136
6 0.7841798067092896 0.4462891221046448 0.02929687313735485 0.01171875 136
6 0.7734375 0.44140625 0.032032862305641174 0.011720838025212288 134
6 0.7636719346046448 0.4335938096046448 0.03452669829130173 0.012429609894752502 135
6 0.40380859375 0.7285155653953552 0.04098140075802803 0.01380869559943676 134
6 0.4174804985523224 0.7353516221046448 0.03849006071686745 0.01308559812605381 133
6 0.43120095133781433 0.7563918232917786 0.040793921798467636 0.014517643488943577 132
6 0.15257766842842102 0.46409347653388977 0.03665689006447792 0.012409746646881104 132
6 0.2172851413488388 0.68408203125 0.04097907617688179 0.013850070536136627 137
6 0.20654296875 0.67626953125 0.04535740241408348 0.014510119333863258 134
6 0.1958007961511612 0.6665039658546448 0.04419416934251785 0.01519174687564373 135
6 0.185546875 0.65771484375 0.03960874676704407 0.013808554038405418 134
6 0.1728515625 0.64990234375 0.03326063230633736 0.014517387375235558 133
6 0.1684570014476776 0.63671875 0.03989998996257782 0.013234399259090424 131
6 0.1582031399011612 0.62646484375 0.04258229583501816 0.013089858926832676 133
6 0.1480361670255661 0.6180704236030579 0.03731440007686615 0.011756591498851776 133
6 0.1411132961511612 0.6059569716453552 0.04343981668353081 0.011690986342728138 132
6 0.12376952916383743 0.6046679615974426 0.02441406436264515 0.010351561941206455 127
6 0.116975337266922 0.5916082859039307 0.03389942646026611 0.012408163398504257 132
6 0.111572265625 0.580322265625 0.03728882968425751 0.011739077046513557 135
6 0.10156252235174179 0.5693359375 0.03703799471259117 0.01315823569893837 136
6 0.13690587878227234 0.45735490322113037 0.032521143555641174 0.013870606198906898 139
6 0.16064453125 0.4741211235523224 0.03777444362640381 0.012421094812452793 133
6 0.443603515625 0.7653809189796448 0.03659829869866371 0.012429611757397652 135
6 0.1689453125 0.4838866889476776 0.03733331337571144 0.012487797997891903 138
6 0.17796245217323303 0.49437567591667175 0.040794141590595245 0.013792862184345722 138
6 0.1948242038488388 0.51708984375 0.045017387717962265 0.013138031587004662 138
6 0.194580078125 0.497314453125 0.019334951415657997 0.008976941928267479 135
6 0.208984375 0.52197265625 0.03284277021884918 0.011132645420730114 129
6 0.2229004055261612 0.542724609375 0.04626576974987984 0.01519174687564373 135
6 0.23754887282848358 0.5500488877296448 0.03452669829130173 0.011739077046513557 135
6 0.24485208094120026 0.5613241791725159 0.03665689006447792 0.013866657391190529 138
6 0.25236010551452637 0.5733262896537781 0.04074735566973686 0.01380869559943676 134
6 0.26416015625 0.5810546875 0.03659829869866371 0.013120143674314022 135
6 0.5792645812034607 0.8220922350883484 0.04212822765111923 0.013107062317430973 136
6 0.56640625 0.8154296875 0.034265898168087006 0.013131503015756607 134
6 0.5587592720985413 0.8045157790184021 0.03798564895987511 0.011749692261219025 134
6 0.5504640340805054 0.7942734360694885 0.04074735566973686 0.013106558471918106 134
6 0.21850591897964478 0.7014160752296448 0.0255497545003891 0.011048542335629463 135
6 0.24218754470348358 0.7080078721046448 0.04557523503899574 0.026240287348628044 135
6 0.2543945610523224 0.7246094346046448 0.043503642082214355 0.011739077046513557 135
6 0.2715655267238617 0.7435653805732727 0.040074773132801056 0.013136149384081364 133
6 0.4516601264476776 0.7783203721046448 0.044495776295661926 0.014516046270728111 131
6 0.46212953329086304 0.7844253778457642 0.035278111696243286 0.012489262968301773 132
6 0.4698864221572876 0.794756293296814 0.03936649113893509 0.013130239211022854 134
6 0.47802734375 0.8051758408546448 0.03452669829130173 0.013810679316520691 135
6 0.4908156096935272 0.8124194145202637 0.038768425583839417 0.013136001303792 139
6 0.4990382790565491 0.8222994804382324 0.040794141590595245 0.013068151660263538 138
6 0.50830078125 0.83349609375 0.0412154458463192 0.013129962608218193 136
6 0.5195218920707703 0.8427817821502686 0.03803582489490509 0.013138281181454659 138
6 0.5290527939796448 0.8532716035842896 0.04143203794956207 0.01450121309608221 135
6 0.5364491939544678 0.8658826351165771 0.03660481423139572 0.011723960749804974 134
6 0.46441981196403503 0.9344891905784607 0.04627092555165291 0.013788529671728611 134
6 0.45263671875 0.9262694716453552 0.04332517832517624 0.015183848328888416 133
6 0.4395103454589844 0.9199184775352478 0.035278111696243286 0.013219154439866543 132
6 0.431640625 0.908203125 0.03488108888268471 0.011888732202351093 129
6 0.42160528898239136 0.8996595740318298 0.03876163065433502 0.013138305395841599 132
6 0.41170811653137207 0.8885782361030579 0.03731440007686615 0.011756591498851776 133
6 0.4019162654876709 0.881769597530365 0.03179457038640976 0.011757992208003998 133
6 0.3972168564796448 0.8684083223342896 0.04350363835692406 0.01519174687564373 135
6 0.38470691442489624 0.8609030842781067 0.038694556802511215 0.014516620896756649 133
6 0.3748202323913574 0.8507437109947205 0.040074773132801056 0.013850070536136627 133
6 0.3645481467247009 0.8430505394935608 0.03803582489490509 0.012335944920778275 132
6 0.3549804389476776 0.8305663466453552 0.03717588260769844 0.011752041056752205 130
6 0.3452945947647095 0.823307454586029 0.03676022216677666 0.013879559002816677 129
6 0.3393554389476776 0.80908203125 0.044797297567129135 0.013869931921362877 131
6 0.3286133408546448 0.8012695908546448 0.043033722788095474 0.013107062317430973 134
6 0.3097314238548279 0.7820406556129456 0.038768425583839417 0.012496421113610268 131
6 0.29842013120651245 0.7733429670333862 0.04226383566856384 0.013877339661121368 130
6 0.2895507514476776 0.763671875 0.03823671117424965 0.013808398507535458 134
6 0.28028184175491333 0.754873514175415 0.03803582489490509 0.013138281181454659 132
6 0.8467831015586853 0.3428941071033478 0.022879384458065033 0.00963900052011013 139
6 0.859435498714447 0.35991713404655457 0.03316953405737877 0.012489262968301773 132
6 0.8759766817092896 0.3730469346046448 0.023478154093027115 0.009667474776506424 135
6 0.525390625 0.11914059519767761 0.030312100425362587 0.012373623438179493 140
6 0.26318359375 0.1674804836511612 0.05132172256708145 0.015871334820985794 46
6 0.2744140625 0.1552734375 0.05524272099137306 0.013810682110488415 45
6 0.2722168266773224 0.136474609375 0.02416868880391121 0.009667475707828999 45
6 0.2961426079273224 0.140380859375 0.0635291263461113 0.017263347283005714 45
6 0.3054199516773224 0.1252441704273224 0.053861647844314575 0.015882279723882675 45
6 0.3119332492351532 0.1112307757139206 0.04212822765111923 0.015167067758738995 46
6 0.326171875 0.1020507887005806 0.04841173440217972 0.015237397514283657 43
6 0.3540259599685669 0.07668446749448776 0.043618619441986084 0.014517643488943577 48
6 0.36398062109947205 0.06604377180337906 0.041798703372478485 0.014054585248231888 53
6 0.38354426622390747 0.05739112198352814 0.05668722093105316 0.018657198175787926 47
6 0.39249423146247864 0.04044601693749428 0.04489002004265785 0.015189949423074722 44
6 0.4050293564796448 0.030517594888806343 0.052480582147836685 0.015882279723882675 45
6 0.5029297471046448 0.0957031399011612 0.029156947508454323 0.011903524398803711 142
6 0.5108203291893005 0.1039452850818634 0.03007812425494194 0.01171875 143
6 0.5320796370506287 0.13001181185245514 0.026939677074551582 0.011717520654201508 134
6 0.24462896585464478 0.8051759004592896 0.05248057469725609 0.01519174687564373 135
6 0.04223629832267761 0.4768066704273224 0.04695630818605423 0.017263349145650864 135
6 0.0683593675494194 0.5419921875 0.0353592149913311 0.013138055801391602 132
6 0.08346949517726898 0.5473415851593018 0.05002138391137123 0.01449795626103878 129
6 0.08968424052000046 0.5616893172264099 0.03522399812936783 0.0117503572255373 134
6 0.15722660720348358 0.7197266221046448 0.0510995127260685 0.017953883856534958 135
6 0.17052361369132996 0.7274060845375061 0.04416489973664284 0.015253391116857529 130
6 0.1809082180261612 0.7395020723342896 0.04695630818605423 0.015882281586527824 135
6 0.19186818599700928 0.7514934539794922 0.04907165467739105 0.014517434872686863 133
6 0.2045898735523224 0.7587890028953552 0.045123711228370667 0.015189949423074722 134
6 0.21437720954418182 0.7710226774215698 0.04850975051522255 0.014635378494858742 141
6 0.22296470403671265 0.7848432064056396 0.053175605833530426 0.014508959837257862 136
6 0.251708984375 0.178466796875 0.05455218255519867 0.01657281443476677 45
6 0.2392577975988388 0.1909179538488388 0.057506013661623 0.015173543244600296 46
6 0.22802734375 0.2001953125 0.051624394953250885 0.012447365559637547 44
6 0.2128906399011612 0.2060546875 0.039487507194280624 0.011759145185351372 48
12 0.5905314683914185 0.4113350212574005 0.5842064023017883 0.017267821356654167 45
12 0.47171473503112793 0.5210256576538086 0.5738440752029419 0.015199780464172363 45
12 0.3563688397407532 0.636151909828186 0.5738840103149414 0.01657136343419552 46
12 0.2377929985523224 0.751953125 0.5753743648529053 0.016572266817092896 45
6 0.0405273362994194 0.5947265625 0.044209837913513184 0.015240240842103958 138
6 0.01543345581740141 0.5763931274414062 0.052553221583366394 0.01517074927687645 138
6 0.0603027381002903 0.6193848252296448 0.0504089780151844 0.01657281443476677 135
6 0.0727539137005806 0.6293945908546448 0.04695630818605423 0.01519174687564373 135
6 0.08105470985174179 0.6430664658546448 0.053408753126859665 0.017952371388673782 136
6 0.09374997019767761 0.6528320908546448 0.04902791604399681 0.015882285311818123 135
6 0.10156253725290298 0.6665039658546448 0.05731431767344475 0.015882279723882675 135
6 0.1171875 0.6728515625 0.04554692283272743 0.015888459980487823 131
6 0.1264648288488388 0.6865234375 0.050313543528318405 0.016531869769096375 131
6 0.14127926528453827 0.6935604810714722 0.04088754206895828 0.01576724275946617 130
6 0.1494140475988388 0.7045897841453552 0.04212257266044617 0.01450121309608221 135
6 0.043624356389045715 0.37858065962791443 0.04903277009725571 0.01589043065905571 44
6 0.05410736799240112 0.3651536703109741 0.04290211573243141 0.014515587128698826 41
6 0.06587418913841248 0.3539668917655945 0.049890775233507156 0.015253961086273193 40
6 0.0737304538488388 0.34130859375 0.043057456612586975 0.013879489153623581 39
6 0.0893554538488388 0.33544921875 0.057011041790246964 0.015187229961156845 46
6 0.1064453125 0.32617196440696716 0.056139323860406876 0.016552135348320007 42
6 0.1171875149011612 0.30517578125 0.047281134873628616 0.013134775683283806 43
6 0.13232421875 0.296875 0.055773526430130005 0.01677895523607731 51
6 0.1420898586511612 0.2783203423023224 0.046497639268636703 0.01519005373120308 44
6 0.15380859375 0.2646484375 0.043503642082214355 0.011739077046513557 45
6 0.1743163913488388 0.2446289211511612 0.0404287651181221 0.013250982388854027 40
6 0.18956150114536285 0.23935358226299286 0.0560397133231163 0.015894651412963867 41
6 0.19401033222675323 0.22233687341213226 0.03660481423139572 0.011750017292797565 46
6 0.2026367336511612 0.2138672173023224 0.0379793681204319 0.011739076115190983 45
6 0.234375 0.7939453125 0.051099520176649094 0.015191749669611454 135
6 0.255859375 0.8154296278953552 0.05015945807099342 0.015185890719294548 133
6 0.8886719346046448 0.3891602158546448 0.029957860708236694 0.011045556515455246 136
6 0.86328125 0.8925781846046448 0.06300657242536545 0.01793617755174637 48
6 0.6697564125061035 0.9842151999473572 0.03936649113893509 0.013130239211022854 44
6 0.6826172471046448 0.97265625 0.035437487065792084 0.012474877759814262 43
6 0.7597657442092896 0.9804688096046448 0.0635291188955307 0.019334951415657997 45
6 0.6923828125 0.9931640625 0.02734375 0.013671875 0
6 0.7916476130485535 0.9417820572853088 0.056030429899692535 0.01589728519320488 43
6 0.8064603805541992 0.9324221014976501 0.06284238398075104 0.014523101039230824 46
6 0.8176228404045105 0.9221631288528442 0.05476577952504158 0.016004610806703568 50
6 0.8310547471046448 0.9116211533546448 0.058136265724897385 0.015897149220108986 48
6 0.8466797471046448 0.9008788466453552 0.06209726631641388 0.017943689599633217 47
6 0.87158203125 0.8750000596046448 0.06249287724494934 0.015925252810120583 44
6 0.26708984375 0.8261719346046448 0.04971298947930336 0.015178201720118523 133
6 0.8810264468193054 0.8566206693649292 0.053175605833530426 0.015871979296207428 44
6 0.8954653739929199 0.8471697568893433 0.06634867191314697 0.01733703911304474 43
6 0.9108306765556335 0.8360611796379089 0.07120875269174576 0.01944613642990589 42
6 0.9178268909454346 0.8190024495124817 0.05393079295754433 0.01589728519320488 43
6 0.9340820908546448 0.8105470538139343 0.05731431767344475 0.018644414842128754 45
6 0.9462890028953552 0.7983397841453552 0.049654681235551834 0.0137983663007617 47
6 0.9517862200737 0.781883955001831 0.04973762854933739 0.013843704015016556 43
6 0.9653319716453552 0.7724608778953552 0.05778300017118454 0.014613723382353783 41
6 0.97314453125 0.7573242783546448 0.04419416934251785 0.01519174687564373 45
6 0.9523212313652039 0.4578419327735901 0.03384321182966232 0.010369942523539066 136
6 0.9389649033546448 0.439453125 0.028589708730578423 0.011045258492231369 136
6 0.9201661348342896 0.4201660752296448 0.027621358633041382 0.011739077046513557 135
6 0.90966796875 0.4150391221046448 0.031569041311740875 0.009764871560037136 126
6 0.90380859375 0.4033203125 0.02998996712267399 0.012426250614225864 136
6 0.716955840587616 0.9230178594589233 0.03108169697225094 0.010370793752372265 46
6 0.7295653820037842 0.9087622761726379 0.04212822765111923 0.012427940033376217 44
6 0.7001953125 0.8994141221046448 0.040050968527793884 0.01519174687564373 135
6 0.6650390625 0.8623046875 0.03100893273949623 0.009752809070050716 50
6 0.27783203125 0.8364257216453552 0.04992746189236641 0.014490049332380295 134
6 0.2890625298023224 0.8466798067092896 0.04695630818605423 0.013810679316520691 135
6 0.2980956733226776 0.8581543564796448 0.044884707778692245 0.01519174687564373 135
6 0.3095702826976776 0.8671875596046448 0.04281310364603996 0.01519174687564373 135
6 0.3198241889476776 0.8828125 0.04740450903773308 0.016591576859354973 136
6 0.330810546875 0.892822265625 0.04902791604399681 0.013810680247843266 135
6 0.3429683446884155 0.9011844992637634 0.04283537715673447 0.016564197838306427 137
6 0.3513945937156677 0.9168839454650879 0.053275153040885925 0.017210960388183594 132
6 0.3642577826976776 0.9252930283546448 0.046497639268636703 0.01519005373120308 134
6 0.3735352158546448 0.9384766817092896 0.052625805139541626 0.014517460018396378 132
6 0.3849245011806488 0.9481021165847778 0.04973762854933739 0.015224238857626915 133
6 0.406005859375 0.9689942002296448 0.04488470405340195 0.01519174687564373 135
6 0.3957520127296448 0.9592286348342896 0.04419416934251785 0.013120143674314022 135
6 0.41730594635009766 0.9801458716392517 0.047651853412389755 0.01448968704789877 134
6 0.5561956763267517 0.9623057246208191 0.05644666403532028 0.014833934605121613 53
6 0.5741246342658997 0.9461788535118103 0.052643872797489166 0.0138765349984169 50
6 0.5922852158546448 0.9262696504592896 0.04407638683915138 0.016013910993933678 51
6 0.6875000596046448 0.88427734375 0.03960874676704407 0.013808554038405418 134
6 0.6727728843688965 0.851974606513977 0.043509114533662796 0.01380893774330616 44
6 0.53955078125 0.7846680283546448 0.03728882968425751 0.013810679316520691 135
6 0.531005859375 0.7731934189796448 0.04281310364603996 0.013120143674314022 135
6 0.5214844346046448 0.7646484375 0.04026283696293831 0.011725158430635929 134
6 0.5229492783546448 0.3041992485523224 0.0370737761259079 0.01175001636147499 134
6 0.6802634000778198 0.4657250642776489 0.03317439183592796 0.010377777740359306 133
6 0.67041015625 0.4589843451976776 0.029957860708236694 0.011045556515455246 134
6 0.6630859971046448 0.45263671875 0.028862787410616875 0.010310600511729717 132
6 0.6567383408546448 0.4433594048023224 0.030634354799985886 0.010378681123256683 132
6 0.6481934189796448 0.4343262314796448 0.03176456317305565 0.013120143674314022 135
6 0.6336190700531006 0.41908884048461914 0.03455431014299393 0.011094913817942142 133
6 0.6252442002296448 0.4104004502296448 0.03314562886953354 0.008976941928267479 135
6 0.6169358491897583 0.40116333961486816 0.03389952331781387 0.012406379915773869 131
6 0.6092225313186646 0.3907713294029236 0.03384321182966232 0.013131503015756607 136
6 0.5854427814483643 0.37056073546409607 0.03803582489490509 0.01168404333293438 138
6 0.5693358778953552 0.3525390625 0.035106293857097626 0.013799644075334072 133
6 0.5585938096046448 0.34765625 0.027895487844944 0.010336905717849731 134
6 0.552734375 0.3369140625 0.03369184210896492 0.012418833561241627 133
6 0.53076171875 0.3120116889476776 0.03340253233909607 0.011721733957529068 136
6 0.51318359375 0.2973633110523224 0.03200218454003334 0.010340109467506409 136
6 0.549541711807251 0.14486926794052124 0.03114771470427513 0.010563138872385025 146
6 0.504638671875 0.289306640625 0.031074028462171555 0.009667474776506424 135
6 0.49875637888908386 0.27812454104423523 0.03389952331781387 0.009649407118558884 139
6 0.4924317002296448 0.2702637016773224 0.033836159855127335 0.009667474776506424 135
6 0.4685059189796448 0.1306152492761612 0.03590776398777962 0.010358009487390518 135
6 0.4892578125 0.1416015625 0.023478154093027115 0.009667474776506424 135
6 0.4946289658546448 0.1518554985523224 0.027621358633041382 0.009667475707828999 135
6 0.5244140625 0.1884765625 0.03369184210896492 0.012418835423886776 133
6 0.5341115593910217 0.19782796502113342 0.03317439183592796 0.01175764761865139 133
6 0.5426430702209473 0.20638686418533325 0.03384321182966232 0.01175072230398655 136
6 0.55615234375 0.2207030951976776 0.032668083906173706 0.009665288031101227 136
6 0.5646122097969055 0.22836317121982574 0.03246244043111801 0.011751110665500164 136
6 0.57958984375 0.24804683029651642 0.03911281377077103 0.014513559639453888 131
6 0.59765625 0.26025390625 0.02916666679084301 0.011758633889257908 138
6 0.60498046875 0.26904296875 0.03015051782131195 0.010371264070272446 136
6 0.6884765028953552 0.4755859375 0.032032862305641174 0.011720838025212288 134
6 0.69921875 0.4814453423023224 0.03343190997838974 0.013102488592267036 134
6 0.7099609375 0.5004883408546448 0.02725827880203724 0.012425526976585388 134
6 0.7208920121192932 0.5070059299468994 0.029760798439383507 0.013138305395841599 132
6 0.552734375 0.4116211533546448 0.0379793681204319 0.013120143674314022 135
6 0.570720911026001 0.43070486187934875 0.038694556802511215 0.014565912075340748 137
6 0.5820313096046448 0.4394531846046448 0.03728882968425751 0.012429611757397652 135
6 0.588715672492981 0.4539668560028076 0.04363131895661354 0.01305695716291666 132
6 0.601318359375 0.458740234375 0.03452669829130173 0.013120143674314022 135
6 0.605999767780304 0.4732621908187866 0.0412127822637558 0.014439518563449383 126
6 0.6203613877296448 0.4792481064796448 0.03659829869866371 0.015191745944321156 135
6 0.628095269203186 0.4890979528427124 0.03936649113893509 0.01313023827970028 136
6 0.63720703125 0.4990234375 0.04074149951338768 0.01450121309608221 135
6 0.6475735902786255 0.5054462552070618 0.03461899235844612 0.014517643488943577 138
6 0.6595112085342407 0.517252504825592 0.03798564895987511 0.013130530714988708 134
6 0.6677246689796448 0.5270996689796448 0.03590776398777962 0.013120143674314022 135
6 0.67529296875 0.5380858778953552 0.04164540022611618 0.01456399168819189 137
6 0.6843916773796082 0.5480087995529175 0.04212822765111923 0.01315233763307333 136
6 0.697265625 0.5556640625 0.035106293857097626 0.013799644075334072 133
6 0.7041015625 0.56640625 0.03982677683234215 0.013130239211022854 136
6 0.7111513018608093 0.5773985981941223 0.04493248835206032 0.013859666883945465 138
6 0.7270507216453552 0.5834962129592896 0.029829218983650208 0.009003233164548874 139
6 0.7329100966453552 0.59619140625 0.03980255126953125 0.014511095359921455 136
6 0.7512207627296448 0.6159668564796448 0.04074149951338768 0.013810678385198116 135
6 0.76123046875 0.62451171875 0.03843756392598152 0.013130530714988708 136
6 0.8016401529312134 0.5881524085998535 0.03263823315501213 0.011600159108638763 129
6 0.7940798997879028 0.5310984253883362 0.028384685516357422 0.011759370565414429 42
6 0.7782394886016846 0.564380407333374 0.035277433693408966 0.013138305395841599 132
6 0.7691062092781067 0.554619312286377 0.035934314131736755 0.013136990368366241 133
6 0.7582950592041016 0.5493963956832886 0.029765136539936066 0.011662552133202553 131
6 0.7524414658546448 0.5400391221046448 0.032455094158649445 0.011739077046513557 135
6 0.735107421875 0.526123046875 0.027621358633041382 0.010358009487390518 135
6 0.7291145324707031 0.5157734751701355 0.033244989812374115 0.013138305395841599 132
6 0.5400390625 0.1367187350988388 0.02908468432724476 0.009212343022227287 147
6 0.5629627704620361 0.15773680806159973 0.028387578204274178 0.01038078311830759 139
6 0.5332031846046448 0.3916016221046448 0.038669899106025696 0.011048542335629463 135
6 0.1313476413488388 0.9091796875 0.04651825875043869 0.016570966690778732 134
6 0.00621988158673048 0.7742921710014343 0.03002207912504673 0.014160146936774254 134
6 0.013671847991645336 0.7900390625 0.049718450754880905 0.013810680247843266 135
6 0.02099609375 0.8041992783546448 0.04557524248957634 0.013810679316520691 135
6 0.035156283527612686 0.81298828125 0.05179005116224289 0.015882285311818123 135
6 0.03670234978199005 0.8309694528579712 0.0283203125 0.00966460071504116 134
6 0.06284713000059128 0.8443872928619385 0.05111818015575409 0.015186202712357044 133
6 0.07429524511098862 0.8558961749076843 0.04903277009725571 0.013789859600365162 136
6 0.0830078199505806 0.8696289658546448 0.04212257266044617 0.01450121309608221 135
6 0.09188372641801834 0.8812742829322815 0.04212822765111923 0.013831459917128086 134
6 0.10742190480232239 0.8876953125 0.0450386106967926 0.0172768272459507 132
6 0.1191406175494194 0.8994141221046448 0.045314185321331024 0.016540540382266045 131
6 0.1386719048023224 0.921875 0.05054604262113571 0.014517338946461678 133
6 0.5698242783546448 0.1660156399011612 0.02810267172753811 0.010375314392149448 141
6 0.14444369077682495 0.9380481839179993 0.04145505279302597 0.014470160007476807 133
6 0.1606445610523224 0.943359375 0.05254904553294182 0.016614768654108047 133
6 0.17407231032848358 0.9538575410842896 0.05731431767344475 0.01657281443476677 135
6 0.1821288764476776 0.9687500596046448 0.04653831198811531 0.01662963442504406 139
6 0.2001953423023224 0.9912109375 0.04119075834751129 0.011755460873246193 140
6 0.6302400827407837 0.12660682201385498 0.03455431014299393 0.009659749455749989 133
6 0.63818359375 0.1333008110523224 0.03263844549655914 0.00900269765406847 139
6 0.6444623470306396 0.1429860144853592 0.03325984627008438 0.00900346226990223 139
6 0.65234375 0.1523437649011612 0.032550469040870667 0.010380961000919342 131
6 0.5751953125 0.1757812201976776 0.02244034968316555 0.00976412184536457 128
6 0.5929458141326904 0.1882755309343338 0.029035286977887154 0.011101726442575455 138
6 0.5998535752296448 0.1970214992761612 0.02554975636303425 0.009667475707828999 135
6 0.6145020127296448 0.2106933742761612 0.026930823922157288 0.011048542335629463 135
6 0.6234467029571533 0.21883103251457214 0.03179457038640976 0.01037822850048542 137
6 0.6323242783546448 0.2255859673023224 0.031575024127960205 0.01031597051769495 138
6 0.6458409428596497 0.2408711314201355 0.03108169697225094 0.01175151951611042 136
6 0.6528246998786926 0.24847783148288727 0.029765136539936066 0.00890711322426796 139
6 0.659912109375 0.2565917670726776 0.03176456317305565 0.011739076115190983 135
6 0.6662368774414062 0.2639023959636688 0.028387578204274178 0.009641697630286217 139
6 0.6749951243400574 0.2703326344490051 0.03317439183592796 0.012418835423886776 137
6 0.6816709041595459 0.27981969714164734 0.030408067628741264 0.011115940287709236 139
6 0.68994140625 0.2875976264476776 0.025436757132411003 0.010497086681425571 140
6 0.6135254502296448 0.276611328125 0.03038349375128746 0.011739077046513557 135
6 0.621412992477417 0.2838766574859619 0.030414866283535957 0.011037148535251617 132
6 0.6304078698158264 0.2919161915779114 0.030414866283535957 0.011695614084601402 138
6 0.6392378211021423 0.2997065782546997 0.026939677074551582 0.009699699468910694 136
6 0.6457520127296448 0.3098144829273224 0.03176455944776535 0.013120143674314022 135
6 0.66796875 0.3334961235523224 0.03245509788393974 0.013120143674314022 135
6 0.6782227158546448 0.3422851860523224 0.026240287348628044 0.011048542335629463 135
6 0.6850585341453552 0.3505859673023224 0.029059473425149918 0.009742481634020805 131
6 0.693359375 0.3583984375 0.029461005702614784 0.01112971268594265 130
6 0.7012064456939697 0.3661806881427765 0.031143005937337875 0.011759011074900627 139
6 0.7094727158546448 0.3745117485523224 0.0294951219111681 0.009656530804932117 138
6 0.7170650362968445 0.38300633430480957 0.032521143555641174 0.012492341920733452 139
6 0.7319336533546448 0.39599609375 0.031143005937337875 0.010381001979112625 139
6 0.6787589192390442 0.16988185048103333 0.022881587967276573 0.009002592414617538 140
6 0.6689453721046448 0.1650390625 0.029797177761793137 0.01038095261901617 131
6 0.6604411005973816 0.15843427181243896 0.032521143555641174 0.00964784249663353 131
6 0.54150390625 0.40234375 0.03756997734308243 0.011756591498851776 133
6 0.5214844346046448 0.3842774033546448 0.04074149951338768 0.013120143674314022 135
6 0.5131073594093323 0.7539849877357483 0.043509114533662796 0.01380893774330616 134
6 0.4663085639476776 0.55224609375 0.036358945071697235 0.011040380224585533 133
6 0.3111579716205597 0.3987458646297455 0.04088754206895828 0.013248216360807419 140
6 0.31907251477241516 0.4109444320201874 0.04713874310255051 0.014505785889923573 140
6 0.33154296875 0.4208984375 0.040957994759082794 0.012427826412022114 136
6 0.3400879204273224 0.4318848252296448 0.04695630818605423 0.015882279723882675 135
6 0.3530273735523224 0.4375 0.03838782757520676 0.01032535545527935 133
6 0.369140625 0.4599609375 0.0418691411614418 0.012422713451087475 133
6 0.381103515625 0.4709472954273224 0.04833738133311272 0.015882285311818123 135
6 0.40039071440696716 0.48535165190696716 0.040050968527793884 0.012429609894752502 135
6 0.4091796875 0.49658203125 0.03960874676704407 0.013808554038405418 134
6 0.42008769512176514 0.5047232508659363 0.03522399812936783 0.0117503572255373 136
6 0.4267578423023224 0.5166016221046448 0.04281310737133026 0.012429609894752502 135
6 0.4365234375 0.5273438096046448 0.04102667048573494 0.01246982254087925 137
6 0.44710609316825867 0.5362986922264099 0.03522399812936783 0.0117503572255373 134
6 0.4578297436237335 0.5440717339515686 0.03601384907960892 0.012392998673021793 131
6 0.474609375 0.564453125 0.04237525165081024 0.01384902372956276 137
6 0.6341635584831238 0.7291553616523743 0.0455961674451828 0.012382077984511852 133
6 0.485107421875 0.574462890625 0.0379793681204319 0.012429609894752502 135
6 0.4946289658546448 0.58349609375 0.03777444362640381 0.012421094812452793 133
6 0.511859655380249 0.5862545967102051 0.02150655910372734 0.009755551815032959 129
6 0.5138988494873047 0.6008203029632568 0.03803582489490509 0.012486381456255913 138
6 0.5234375596046448 0.611328125 0.04170135036110878 0.011901388876140118 142
6 0.5336914658546448 0.6201172471046448 0.03521723300218582 0.011739077046513557 135
6 0.5410156846046448 0.6298828125 0.03823447972536087 0.012472210451960564 137
6 0.551031231880188 0.6383785009384155 0.03463700786232948 0.009636688977479935 130
6 0.560458242893219 0.649482786655426 0.038285739719867706 0.014646722003817558 142
6 0.5721327066421509 0.6597766876220703 0.04163869097828865 0.010375316254794598 141
6 0.5782878398895264 0.6726998090744019 0.04074735566973686 0.014487428590655327 134
6 0.5999287962913513 0.687174379825592 0.03660481423139572 0.011750017292797565 136
6 0.6089518070220947 0.7001280188560486 0.04074735566973686 0.011046956293284893 134
6 0.61865234375 0.7099608778953552 0.04170810803771019 0.013135869987308979 133
6 0.305358350276947 0.38703858852386475 0.03455431014299393 0.012419679202139378 137
6 0.2954101860523224 0.3789063096046448 0.04074149951338768 0.011739077046513557 135
6 0.28557369112968445 0.36921387910842896 0.04212822765111923 0.012427940033376217 134
6 0.2740628719329834 0.36168739199638367 0.0455961674451828 0.012423908337950706 137
6 0.503735363483429 0.7452938556671143 0.04074735566973686 0.011749094352126122 134
6 0.4930737614631653 0.737398624420166 0.0372561439871788 0.015892483294010162 134
6 0.4812297224998474 0.7272932529449463 0.035278111696243286 0.011029478162527084 132
6 0.4780273735523224 0.71240234375 0.045017387717962265 0.013138031587004662 138
6 0.45662951469421387 0.6971761584281921 0.04212822765111923 0.015189704485237598 134
6 0.4462122917175293 0.6890111565589905 0.038694556802511215 0.01446732971817255 133
6 0.43798828125 0.6767578125 0.0403127484023571 0.013136149384081364 137
6 0.4296875 0.6650390625 0.04419416934251785 0.013810679316520691 135
6 0.41934114694595337 0.6563159227371216 0.04283537715673447 0.014471410773694515 133
6 0.4067383110523224 0.6479492783546448 0.03673049435019493 0.015233602374792099 137
6 0.3891601860523224 0.6284180283546448 0.040050968527793884 0.013810679316520691 135
6 0.3786431849002838 0.6218180656433105 0.03665689006447792 0.012487797997891903 132
6 0.36945465207099915 0.6090549826622009 0.03936649113893509 0.011749383993446827 136
6 0.3623047173023224 0.5976563096046448 0.04419416934251785 0.013810678385198116 135
6 0.3500976860523224 0.5908203125 0.03471990302205086 0.01313726045191288 137
6 0.32870200276374817 0.5741258859634399 0.02970098704099655 0.011045556515455246 134
6 0.3256836533546448 0.5605469346046448 0.03985293209552765 0.013087140396237373 137
6 0.3134765625 0.5532225966453552 0.03823671117424965 0.013808398507535458 136
6 0.30681005120277405 0.538888156414032 0.04903277009725571 0.014509500004351139 134
6 0.29409337043762207 0.5319172739982605 0.03875751048326492 0.014517643488943577 132
6 0.27639150619506836 0.5136449337005615 0.0394149124622345 0.014517460949718952 132
6 0.2646484076976776 0.5043944716453552 0.03549474477767944 0.013808023184537888 136
6 0.2486293911933899 0.4823458790779114 0.043509114533662796 0.015167913399636745 136
6 0.23779296875 0.4741211235523224 0.038669902831315994 0.009667475707828999 135
6 0.2282714992761612 0.465087890625 0.0379793681204319 0.013810679316520691 135
6 0.21872420608997345 0.4530199468135834 0.04343258589506149 0.01589728519320488 133
6 0.2001953423023224 0.4360351860523224 0.038272224366664886 0.015162992291152477 134
6 0.2626953125 0.3359375 0.028203528374433517 0.011131176725029945 144
6 0.2666015923023224 0.3491211235523224 0.041472095996141434 0.01386299543082714 138
6 0.6269530653953552 0.71875 0.041238851845264435 0.011749094352126122 136
6 0.6450194716453552 0.7348632216453552 0.037432797253131866 0.011909261345863342 143
6 0.502685546875 0.3645019829273224 0.044884707778692245 0.013810679316520691 135
6 0.45586419105529785 0.23900774121284485 0.031875308603048325 0.012506102211773396 129
6 0.36123546957969666 0.3686385154724121 0.0410272479057312 0.012668470852077007 128
6 0.35524782538414 0.35522353649139404 0.043552935123443604 0.013795049861073494 132
6 0.3430176079273224 0.3508301079273224 0.03452669829130173 0.011739077046513557 135
6 0.33544921875 0.34033203125 0.03843756392598152 0.013130532577633858 134
6 0.32584628462791443 0.3303981125354767 0.04074735566973686 0.013129962608218193 134
6 0.31780025362968445 0.31940916180610657 0.04212822765111923 0.012427940033376217 134
6 0.3074735701084137 0.3094840943813324 0.03672110289335251 0.014517643488943577 132
6 0.2963866889476776 0.30078125 0.04026515409350395 0.014516395516693592 133
6 0.3711031377315521 0.22753068804740906 0.03803582489490509 0.013138281181454659 138
6 0.41023433208465576 0.18888980150222778 0.03522399812936783 0.011046419851481915 136
6 0.41889292001724243 0.19584544003009796 0.03463700786232948 0.010380088351666927 140
6 0.4238280951976776 0.2045898288488388 0.03568252921104431 0.011130577884614468 129
6 0.4281746447086334 0.21781344711780548 0.023381734266877174 0.011128205806016922 140
6 0.44181323051452637 0.21981140971183777 0.03246244043111801 0.011046042665839195 134
6 0.46646469831466675 0.24446627497673035 0.03384321182966232 0.011750723235309124 134
6 0.65185546875 0.7480468153953552 0.045144956558942795 0.01657085493206978 136
6 0.4001465439796448 0.2561035454273224 0.03936043381690979 0.011048542335629463 135
6 0.4090985655784607 0.2662009298801422 0.035934314131736755 0.01175694353878498 133
6 0.4187854826450348 0.27653276920318604 0.03936649113893509 0.013130239211022854 134
6 0.4282226264476776 0.28662109375 0.0405031256377697 0.012422229163348675 133
6 0.4374696612358093 0.29684802889823914 0.03665679693222046 0.011759370565414429 132
6 0.4467773139476776 0.30517578125 0.04028706252574921 0.013106013648211956 134
6 0.4729004502296448 0.2551269829273224 0.03176456317305565 0.011739077046513557 135
6 0.4802246391773224 0.265380859375 0.029002424329519272 0.011739077046513557 135
6 0.4538574814796448 0.3171387016773224 0.04695630818605423 0.014501212164759636 135
6 0.46733376383781433 0.3237844407558441 0.03665659576654434 0.013138305395841599 138
6 0.4751652777194977 0.33392611145973206 0.037390995770692825 0.011758014559745789 139
6 0.4853515625 0.3417968451976776 0.03665679693222046 0.011840470135211945 138
6 0.4962506592273712 0.3511979877948761 0.03737800195813179 0.014517643488943577 138
6 0.5122071504592896 0.37402352690696716 0.04212257266044617 0.013120143674314022 135
6 0.371826171875 0.3815918266773224 0.038669899106025696 0.011739076115190983 135
6 0.38330078125 0.38916015625 0.043770451098680496 0.013848025351762772 133
6 0.3889632821083069 0.40006694197654724 0.026276610791683197 0.009726700372993946 132
6 0.4018554389476776 0.40771484375 0.0412154458463192 0.013129962608218193 136
6 0.6965866088867188 0.705783486366272 0.04290211573243141 0.012492741458117962 131
6 0.6855469346046448 0.6972656846046448 0.04143203794956207 0.013810679316520691 135
6 0.6760267615318298 0.6882581114768982 0.0401407852768898 0.013138305395841599 132
6 0.6663432717323303 0.6774353981018066 0.04226383566856384 0.014509155414998531 130
6 0.6579947471618652 0.6647787690162659 0.046312130987644196 0.013796856626868248 132
6 0.64892578125 0.65771484375 0.04088765010237694 0.011758998967707157 132
6 0.6405375599861145 0.6470453143119812 0.03798564895987511 0.012452664785087109 134
6 0.6274414658546448 0.6411133408546448 0.03452669829130173 0.011048542335629463 135
6 0.6185100674629211 0.6324726939201355 0.03246244043111801 0.013131867162883282 134
6 0.6029510498046875 0.6094536781311035 0.043509114533662796 0.01380893774330616 134
6 0.590675413608551 0.6026962399482727 0.03798564895987511 0.014486265368759632 136
6 0.5825194716453552 0.59033203125 0.03980255126953125 0.014511095359921455 136
6 0.5722656846046448 0.5820313096046448 0.042603615671396255 0.013129700906574726 136
6 0.5615234971046448 0.5717774033546448 0.03751886263489723 0.01313671376556158 133
6 0.55322265625 0.5610352158546448 0.0391874834895134 0.013801881112158298 133
6 0.54296875 0.55322265625 0.03984375298023224 0.010351561941206455 127
6 0.533278226852417 0.5458261966705322 0.0372561439871788 0.013130838051438332 136
6 0.5233387351036072 0.5279223918914795 0.046312130987644196 0.02489612065255642 138
6 0.5087890625 0.5126953721046448 0.030182624235749245 0.008990569040179253 136
6 0.49584969878196716 0.5061035752296448 0.03659829869866371 0.013810678385198116 135
6 0.487365186214447 0.49358320236206055 0.0415240079164505 0.013137021102011204 131
6 0.4770508408546448 0.4853516221046448 0.03659829869866371 0.013120143674314022 135
6 0.467111200094223 0.4752499461174011 0.04145505279302597 0.01384902372956276 133
6 0.45656996965408325 0.46633288264274597 0.039414916187524796 0.013065719045698643 132
6 0.4506836235523224 0.4560547173023224 0.04194098711013794 0.011070361360907555 136
6 0.44038236141204834 0.445921927690506 0.04290211573243141 0.014426670037209988 131
6 0.42909473180770874 0.439552903175354 0.02970098704099655 0.012426250614225864 136
6 0.42029738426208496 0.4259113669395447 0.038768425583839417 0.014513560570776463 131
6 0.4116211533546448 0.4155274033546448 0.0390888974070549 0.011041504330933094 133
12 0.6850793957710266 0.3154471218585968 0.5821238160133362 0.015196561813354492 45
