3 0.4875362813472748 0.9758151173591614 0.6718302965164185 0.31602415442466736 28
13 0.5824645161628723 0.7060274481773376 0.11660826206207275 0.083853580057621 26
7 0.40478515625 0.38037109375 0.08911281824111938 0.04237828776240349 117
7 0.34550741314888 0.3514561057090759 0.08778747916221619 0.04235656559467316 117
7 0.28564453125 0.3212890625 0.08778315037488937 0.04279974475502968 117
7 0.2260742038488388 0.2919921576976776 0.0882437452673912 0.04193288832902908 117
7 0.1665039211511612 0.2626953125 0.08820883184671402 0.04191538318991661 116
7 0.107421875 0.2338867336511612 0.08909332007169724 0.0423630028963089 117
1 0.08886716514825821 0.4482421875 0.16203060746192932 0.1550576090812683 26
7 0.08642575144767761 0.84716796875 0.10569532215595245 0.10397448390722275 118
