3 0.91796875 0.5703125 0.339008629322052 0.31621700525283813 26
7 0.34279537200927734 0.2020985335111618 0.08795715123414993 0.04283357784152031 114
13 0.3369140625 0.0483398512005806 0.03978654742240906 0.017930928617715836 115
7 0.27467477321624756 0.2732921242713928 0.08914577215909958 0.04113350808620453 25
13 0.2871040999889374 0.17357277870178223 0.04297984763979912 0.022477328777313232 91
13 0.25514480471611023 0.32609882950782776 0.05114978924393654 0.032329969108104706 25
13 0.2233346551656723 0.3604293763637543 0.04642525687813759 0.01704998128116131 22
13 0.21937663853168488 0.6798497438430786 0.03500673547387123 0.018334265798330307 113
13 0.029396699741482735 0.7576279640197754 0.04417150095105171 0.024897465482354164 25
13 0.12451176345348358 0.9052734971046448 0.03721495345234871 0.017921242862939835 109
7 0.9784695506095886 0.05499250069260597 0.08811461180448532 0.04107371345162392 118
7 0.9155221581459045 0.027842726558446884 0.0803634375333786 0.04236524552106857 116
7 0.8490234613418579 0.012890622019767761 0.04804052412509918 0.04279973357915878 117
1 0.6587786674499512 0.12099461257457733 0.16212701797485352 0.1601976454257965 25
1 0.4853515625 0.45263671875 0.15676701068878174 0.15222886204719543 118
7 0.6586914658546448 0.52099609375 0.10569532215595245 0.10397448390722275 118
