3 0.8773821592330933 0.8371579647064209 0.3087800443172455 0.2662059962749481 94
7 0.34279540181159973 0.528270423412323 0.08795715123414993 0.04283357784152031 114
13 0.3369140625 0.37451171875 0.03978654742240906 0.017930928617715836 115
7 0.2746747136116028 0.5994639992713928 0.08914577215909958 0.04113350808620453 25
13 0.52880859375 0.0883788913488388 0.04287987947463989 0.021439939737319946 120
13 0.28710412979125977 0.49974459409713745 0.04297984763979912 0.022477328777313232 91
13 0.25514480471611023 0.6522707343101501 0.05114978924393654 0.032329969108104706 25
13 0.2233346551656723 0.6866012811660767 0.04642525687813759 0.01704998128116131 22
13 0.2229093760251999 0.9969597458839417 0.01834794320166111 0.014865472912788391 25
7 0.9784694910049438 0.3811643719673157 0.08811461180448532 0.04107371345162392 118
7 0.9177730083465576 0.35145607590675354 0.08778747916221619 0.04235656559467316 117
7 0.8579100966453552 0.3212890326976776 0.08778315037488937 0.04279974475502968 117
7 0.7983397841453552 0.2919921576976776 0.0882437452673912 0.04193288832902908 117
7 0.73876953125 0.2626952826976776 0.08820883184671402 0.04191538318991661 116
7 0.6796875596046448 0.23388676345348358 0.08909332007169724 0.0423630028963089 117
1 0.658778727054596 0.4471665024757385 0.16212701797485352 0.1601976454257965 25
1 0.4853515028953552 0.77880859375 0.15676701068878174 0.15222886204719543 118
7 0.6586914658546448 0.84716796875 0.10569532215595245 0.10397448390722275 118
7 0.48542532324790955 0.1931961476802826 0.08785264194011688 0.041945211589336395 114
