4 0.20361328125 0.7294921875 0.0341796875 0.017578125 0
0 0.962890625 0.50634765625 0.0742187350988388 0.0556640550494194 0
0 0.35791015625 0.49462890625 0.08559510111808777 0.05468389019370079 179
0 0.45947265625 0.498046875 0.07796192914247513 0.05994289740920067 5
0 0.5593823790550232 0.5025001168251038 0.08505067974328995 0.055605314671993256 3
0 0.65478515625 0.4990234375 0.0804755687713623 0.05467083677649498 179
0 0.7563363313674927 0.5014643669128418 0.08407516777515411 0.0635441243648529 3
0 0.859375 0.5053711533546448 0.0818856954574585 0.05685923621058464 2
4 0.21471481025218964 0.6596806049346924 0.05569831281900406 0.02049519680440426 2
0 0.9570521712303162 0.24604670703411102 0.07236319035291672 0.049842968583106995 2
0 0.8580576181411743 0.244641974568367 0.08399005234241486 0.05862385407090187 1
0 0.75927734375 0.2456054985523224 0.0682871863245964 0.05384698137640953 3
0 0.5651020407676697 0.23926211893558502 0.07422517240047455 0.04980037733912468 179
0 0.37273111939430237 0.2383517622947693 0.053790781646966934 0.04219580069184303 177
0 0.31494140625 0.8359374403953552 0.13360446691513062 0.11060517281293869 2
0 0.4458138644695282 0.832642138004303 0.0839308574795723 0.07821464538574219 92
0 0.5901955366134644 0.8281658887863159 0.12979133427143097 0.12310880422592163 2
4 0.20628584921360016 0.5688537359237671 0.0371222198009491 0.01757204160094261 2
4 0.20654296875 0.5908203125 0.0361328125 0.01953125 0
4 0.07275390625 0.72021484375 0.03708163648843765 0.01657736301422119 93
4 0.1054687425494194 0.73583984375 0.03461198881268501 0.014642461203038692 92
4 0.12890625 0.7314453125 0.03515625 0.015625 90
5 0.21630859375 0.3876952826976776 0.0768166109919548 0.026377541944384575 1
5 0.22802738845348358 0.4340820908546448 0.06612900644540787 0.02245093695819378 178
5 0.2158203125 0.47802734375 0.04778752848505974 0.020447751507163048 178
4 0.0546875 0.6962891221046448 0.043401435017585754 0.018549896776676178 91
0 0.2734748423099518 0.23674800992012024 0.08208353817462921 0.052631061524152756 2
