0 0.4052600562572479 0.5056110620498657 0.0830295979976654 0.05563710629940033 179
0 0.02001953125 0.50390625 0.056640625 0.0380859375 90
0 0.09326171875 0.4990234375 0.0804755687713623 0.05467083677649498 179
0 0.19481289386749268 0.501464307308197 0.08407516777515411 0.0635441243648529 3
0 0.2978515625 0.5053711533546448 0.0818856954574585 0.05685923621058464 2
0 0.6202347278594971 0.06445920467376709 0.08319967240095139 0.058515533804893494 93
0 0.4965819716453552 0.24853515625 0.08220836520195007 0.05783606693148613 3
0 0.39552876353263855 0.24604670703411102 0.07236319035291672 0.049842968583106995 2
0 0.2965341806411743 0.2446420043706894 0.08399005234241486 0.05862385407090187 1
0 0.19775390625 0.2456054985523224 0.0682871863245964 0.05384698137640953 3
0 0.0209960900247097 0.2392578125 0.0488281175494194 0.0400390550494194 90
0 0.046875 0.826171875 0.12109375 0.091796875 90
