4 0.41817481709665 0.5408376963350785 0.008471313053523296 0.00593368237347295
5 0.5173276857912976 0.6190226876090751 0.006546014632268001 0.008027923211169284
4 0.47593376973430884 0.618848167539267 0.006931074316519061 0.007678883071553229
4 0.48344243357720446 0.6150087260034904 0.007316134000770119 0.008376963350785341
4 0.4907585675779746 0.6115183246073298 0.006546014632268001 0.008376963350785341
4 0.4913361571043512 0.6031413612565445 0.006931074316519061 0.008376963350785341
4 0.49845976126299574 0.6089005235602094 0.006546014632268001 0.008726003490401396
4 0.5096264921062764 0.6040139616055846 0.006546014632268001 0.008027923211169284
4 0.5100115517905275 0.5954624781849913 0.007316134000770119 0.009075043630017453
4 0.5175202156334232 0.6010471204188481 0.006931074316519061 0.008376963350785341
4 0.5175202156334232 0.5919720767888307 0.006931074316519061 0.008376963350785341
4 0.5211782826338083 0.5904013961605584 0.006546014632268001 0.008027923211169284
4 0.5248363496341933 0.5973821989528796 0.006931074316519061 0.007329842931937173
4 0.5252214093184444 0.5886561954624782 0.0061609549480169425 0.007329842931937173
4 0.5325375433192144 0.5855148342059336 0.006931074316519061 0.008027923211169284
4 0.5288794763188294 0.5959860383944153 0.006546014632268001 0.008027923211169284
4 0.5325375433192144 0.5942408376963351 0.0061609549480169425 0.007329842931937173
4 0.5365806700038506 0.5928446771378708 0.006546014632268001 0.008027923211169284
4 0.4609164420485175 0.6520069808027923 0.007701193685021178 0.008376963350785341
4 0.4680400462071621 0.6479930191972076 0.006546014632268001 0.008027923211169284
4 0.47150558336542164 0.6460732984293194 0.006546014632268001 0.007678883071553229
4 0.47959183673469385 0.643455497382199 0.006546014632268001 0.007329842931937173
4 0.48671544089333846 0.6404886561954625 0.007701193685021178 0.008376963350785341
4 0.48671544089333846 0.631239092495637 0.006931074316519061 0.008027923211169284
4 0.49441663457835966 0.6368237347294939 0.0061609549480169425 0.008027923211169284
4 0.4948016942626107 0.6284467713787085 0.006931074316519061 0.008027923211169284
4 0.49826723142087026 0.6354275741710297 0.0061609549480169425 0.008027923211169284
4 0.5021178282633808 0.6336823734729494 0.0061609549480169425 0.008027923211169284
4 0.5096264921062764 0.6305410122164049 0.007316134000770119 0.008726003490401396
4 0.5134770889487871 0.6289703315881326 0.005775895263765884 0.007678883071553229
4 0.5134770889487871 0.6205933682373473 0.006546014632268001 0.007678883071553229
4 0.5252214093184444 0.5705061082024433 0.0061609549480169425 0.008027923211169284
4 0.5211782826338083 0.5722513089005236 0.006546014632268001 0.008027923211169284
4 0.5175202156334232 0.5741710296684118 0.0061609549480169425 0.007678883071553229
4 0.4310743165190605 0.49354275741710296 0.008856372737774355 0.0062827225130890054
4 0.12591451675009627 0.2413612565445026 0.008471313053523296 0.0038394415357766143
4 0.1334231805929919 0.24781849912739964 0.008856372737774355 0.004188481675392671
5 0.20677705044281863 0.2424083769633508 0.016172506738544475 0.004537521815008726
4 0.26703889102810935 0.22216404886561955 0.008086253369272238 0.0038394415357766143
4 0.3579129765113593 0.2176265270506108 0.008086253369272238 0.0038394415357766143
4 0.37427801309202924 0.5818499127399651 0.006931074316519061 0.008376963350785341
4 0.37986137851366963 0.5846422338568935 0.005775895263765884 0.007678883071553229
4 0.38910281093569504 0.24328097731239093 0.009626492106276472 0.004188481675392671
4 0.4295340777820562 0.2431064572425829 0.008086253369272238 0.0031413612565445027
4 0.4222179437812861 0.536998254799302 0.008856372737774355 0.00593368237347295
4 0.42433577204466694 0.5328097731239092 0.009241432422025414 0.00593368237347295
4 0.4262610704659222 0.5291448516579407 0.008471313053523296 0.005584642233856894
4 0.43896804004620715 0.5106457242582897 0.006931074316519061 0.009773123909249564
4 0.43299961494031575 0.49022687609075044 0.008856372737774355 0.006631762652705061
4 0.5105891413169041 0.5776614310645725 0.006931074316519061 0.007678883071553229
4 0.4435887562572199 0.4917975567190227 0.004620716211012707 0.0062827225130890054
4 0.4699653446284174 0.46701570680628274 0.008086253369272238 0.005584642233856894
4 0.4491721216788602 0.4493891797556719 0.006546014632268001 0.009424083769633508
4 0.4788217173661918 0.2425828970331588 0.008856372737774355 0.004188481675392671
5 0.5288794763188294 0.21797556719022687 0.011166730843280709 0.0038394415357766143
4 0.5288794763188294 0.2424083769633508 0.009626492106276472 0.004537521815008726
4 0.5204081632653061 0.24921465968586387 0.008856372737774355 0.0034904013961605585
4 0.513092029264536 0.5485165794066318 0.006546014632268001 0.008027923211169284
4 0.5028879476318829 0.5719022687609076 0.006931074316519061 0.008726003490401396
4 0.535618020793223 0.5464223385689354 0.009241432422025414 0.006631762652705061
4 0.5385059684251059 0.5532286212914486 0.009626492106276472 0.006980802792321117
4 0.542549095109742 0.5595113438045375 0.009241432422025414 0.005584642233856894
4 0.49865229110512127 0.5821989528795811 0.006931074316519061 0.008376963350785341
4 0.5175202156334232 0.6275741710296684 0.0061609549480169425 0.007678883071553229
4 0.5209857527916827 0.6174520069808028 0.006931074316519061 0.007678883071553229
4 0.4430111667308433 0.5239092495636998 0.007316134000770119 0.007678883071553229
4 0.5248363496341933 0.6151832460732984 0.006931074316519061 0.008027923211169284
4 0.8357720446669233 0.25095986038394413 0.008856372737774355 0.004188481675392671
5 0.7959183673469388 0.3794066317626527 0.03773584905660377 0.018848167539267015
5 0.7986137851366962 0.3855148342059337 0.03773584905660377 0.019197207678883072
5 0.7920677705044282 0.3956369982547993 0.018482864844050827 0.012216404886561954
5 0.8024643819792068 0.39965095986038396 0.03311513284559107 0.018150087260034906
0 0.8288409703504043 0.6085514834205934 0.02194840200231036 0.01849912739965096
0 0.8492491336157104 0.6160558464223386 0.02194840200231036 0.017452006980802792
0 0.8700423565652676 0.6223385689354276 0.02117828263380824 0.017452006980802792
0 0.9162495186753947 0.5698080279232112 0.02040816326530612 0.01849912739965096
4 0.9202926453600309 0.250087260034904 0.010011551790527531 0.0038394415357766143
4 0.8685021178282634 0.2256544502617801 0.008856372737774355 0.0038394415357766143
5 0.3118983442433577 0.7212914485165794 0.018482864844050827 0.009424083769633508
5 0.3507893723527147 0.6664921465968586 0.012321909896033885 0.017102966841186736
0 0.5758567577974586 0.4537521815008726 0.02425876010781671 0.020942408376963352
4 0.6580670003850597 0.15200698080279232 0.0030804774740084712 0.007329842931937173
0 0.6519060454370428 0.4232111692844677 0.018482864844050827 0.014310645724258289
0 0.6875240662302657 0.4120418848167539 0.023488640739314594 0.019895287958115182
0 0.715633423180593 0.4013961605584642 0.022718521370812476 0.017452006980802792
0 0.6775125144397381 0.4827225130890052 0.016557566422795534 0.017452006980802792
0 0.6447824412783981 0.49109947643979057 0.02194840200231036 0.0237347294938918
0 0.7595302271852137 0.7052356020942409 0.039661147477859066 0.03944153577661431
0 0.6958028494416635 0.4656195462478185 0.0215633423180593 0.023036649214659685
0 0.865806700038506 0.5541012216404887 0.02194840200231036 0.01780104712041885
0 0.8879476318829419 0.5614310645724259 0.0215633423180593 0.019197207678883072
0 0.8140161725067385 0.5818499127399651 0.01771274547554871 0.01954624781849913
2 0.4118213323065075 0.21832460732984293 0.19522525991528686 0.024083769633507852
2 0.40604543704274165 0.24834205933682374 0.19522525991528686 0.024083769633507852
4 0.4370427416249519 0.4862129144851658 0.007701193685021178 0.004886561954624782
4 0.4337697343088179 0.5092495636998254 0.005775895263765884 0.007678883071553229
4 0.81998459761263 0.22478184991273997 0.008856372737774355 0.004886561954624782
0 0.7743550250288794 0.4636998254799302 0.02464381979206777 0.023385689354275742
4 0.7882171736619176 0.21954624781849913 0.010011551790527531 0.0034904013961605585
4 0.5598767809010397 0.5952879581151832 0.008471313053523296 0.006631762652705061
4 0.5246438197920678 0.6244328097731239 0.006546014632268001 0.007678883071553229
4 0.5284944166345784 0.6225130890052356 0.006546014632268001 0.008027923211169284
4 0.4740084713130535 0.6638743455497382 0.006931074316519061 0.008376963350785341
4 0.4817096649980747 0.6610820244328097 0.006931074316519061 0.007678883071553229
4 0.49634193299961493 0.6549738219895288 0.007701193685021178 0.009424083769633508
4 0.5046207162110127 0.6523560209424084 0.006546014632268001 0.008376963350785341
5 0.5082787832113977 0.650087260034904 0.006931074316519061 0.008027923211169284
4 0.5121293800539084 0.6483420593368238 0.0061609549480169425 0.008027923211169284
0 0.4980747015787447 0.7031413612565445 0.04043126684636118 0.037347294938917974
0 0.5329226030034655 0.6884816753926701 0.041586445899114366 0.03455497382198953
4 0.5710435117443203 0.6741710296684119 0.008471313053523296 0.006631762652705061
5 0.5902964959568733 0.6664921465968586 0.010011551790527531 0.008027923211169284
5 0.5772044666923373 0.606457242582897 0.008471313053523296 0.012216404886561954
4 0.558914131690412 0.5904013961605584 0.008856372737774355 0.006631762652705061
4 0.6886792452830188 0.22460732984293194 0.009626492106276472 0.004537521815008726
4 0.5562187139006546 0.5865619546247819 0.008856372737774355 0.00593368237347295
4 0.5550635348479014 0.5828970331588132 0.007316134000770119 0.004886561954624782
4 0.5535232961108972 0.5795811518324607 0.007316134000770119 0.005235602094240838
4 0.5508278783211398 0.5766143106457242 0.008856372737774355 0.005584642233856894
4 0.5500577589526376 0.5727748691099477 0.008856372737774355 0.0062827225130890054
4 0.5469772814786292 0.5696335078534032 0.008856372737774355 0.0062827225130890054
4 0.5465922217943782 0.5656195462478185 0.008086253369272238 0.00593368237347295
0 0.5735463996919522 0.518673647469459 0.04659222179437813 0.04607329842931937
5 0.5773969965344629 0.24956369982547993 0.013477088948787063 0.004886561954624782
5 0.6278398151713516 0.6261780104712041 0.009626492106276472 0.011169284467713788
5 0.6347708894878706 0.6233856893542757 0.009626492106276472 0.012565445026178011
4 0.6199460916442049 0.218848167539267 0.008471313053523296 0.004188481675392671
0 0.6663457835964575 0.6109947643979058 0.025798998844820946 0.020593368237347295
4 0.11840585290720061 0.21675392670157068 0.008086253369272238 0.004188481675392671
