6 0.70751953125 0.3125 0.0224609375 0.021484375
6 0.76904296875 0.37060546875 0.0263671875 0.0263671875
6 0.76318359375 0.361328125 0.0263671875 0.02734375
6 0.75634765625 0.35302734375 0.0244140625 0.0263671875
6 0.74072265625 0.34033203125 0.0263671875 0.0263671875
6 0.732421875 0.33154296875 0.02734375 0.0244140625
6 0.7275390625 0.32275390625 0.029296875 0.0263671875
6 0.78515625 0.2861328125 0.03125 0.029296875
6 0.77734375 0.27783203125 0.03125 0.0302734375
6 0.7724609375 0.26708984375 0.025390625 0.0263671875
6 0.76416015625 0.26171875 0.0283203125 0.029296875
6 0.75537109375 0.251953125 0.0283203125 0.025390625
6 0.75048828125 0.244140625 0.0263671875 0.0234375
6 0.73974609375 0.23828125 0.0263671875 0.025390625
6 0.720703125 0.31396484375 0.03125 0.0302734375
6 0.705078125 0.3017578125 0.02734375 0.025390625
6 0.7412109375 0.40625 0.029296875 0.029296875
6 0.697265625 0.294921875 0.029296875 0.02734375
6 0.28173828125 0.60009765625 0.0361328125 0.0380859375
6 0.29150390625 0.60888671875 0.0361328125 0.0361328125
6 0.2998046875 0.61962890625 0.037109375 0.0361328125
6 0.30810546875 0.63232421875 0.0439453125 0.0458984375
6 0.318359375 0.64208984375 0.03515625 0.0400390625
6 0.32861328125 0.650390625 0.0400390625 0.04296875
6 0.33837890625 0.6591796875 0.0380859375 0.041015625
6 0.34912109375 0.66796875 0.0361328125 0.041015625
6 0.35546875 0.6806640625 0.037109375 0.0390625
6 0.369140625 0.68798828125 0.03515625 0.0361328125
6 0.37744140625 0.6962890625 0.0341796875 0.03125
6 0.38525390625 0.70703125 0.0419921875 0.0390625
6 0.39599609375 0.71728515625 0.0400390625 0.0380859375
6 0.77734375 0.3798828125 0.025390625 0.0234375
6 0.75146484375 0.41259765625 0.0263671875 0.0263671875
6 0.822265625 0.42333984375 0.02734375 0.0263671875
6 0.83740234375 0.33544921875 0.0283203125 0.0263671875
6 0.82470703125 0.31884765625 0.0244140625 0.0224609375
6 0.90673828125 0.5048828125 0.0263671875 0.02734375
6 0.89794921875 0.49755859375 0.0283203125 0.0283203125
6 0.88818359375 0.49072265625 0.0263671875 0.0263671875
6 0.86279296875 0.52978515625 0.0302734375 0.0283203125
6 0.85205078125 0.52294921875 0.0341796875 0.0322265625
6 0.87451171875 0.47607421875 0.0263671875 0.0263671875
6 0.86962890625 0.466796875 0.0263671875 0.025390625
6 0.86083984375 0.4619140625 0.0283203125 0.02734375
6 0.85107421875 0.45458984375 0.0244140625 0.0244140625
6 0.8486328125 0.4423828125 0.029296875 0.03125
6 0.837890625 0.43701171875 0.02734375 0.0302734375
6 0.83056640625 0.42919921875 0.0263671875 0.0283203125
6 0.8154296875 0.4150390625 0.02734375 0.02734375
6 0.7568359375 0.423828125 0.03125 0.033203125
6 0.8076171875 0.4091796875 0.0234375 0.0234375
6 0.80224609375 0.39892578125 0.0302734375 0.0283203125
6 0.7919921875 0.3935546875 0.025390625 0.025390625
6 0.78466796875 0.38623046875 0.0224609375 0.0224609375
6 0.8447265625 0.513671875 0.03125 0.029296875
6 0.8369140625 0.50390625 0.03125 0.03125
6 0.828125 0.49658203125 0.029296875 0.0283203125
6 0.82275390625 0.4873046875 0.0263671875 0.025390625
6 0.80517578125 0.4736328125 0.0302734375 0.029296875
6 0.796875 0.4658203125 0.03125 0.03125
6 0.78857421875 0.4580078125 0.0302734375 0.03125
6 0.7841796875 0.4462890625 0.029296875 0.02734375
6 0.7734375 0.44140625 0.029296875 0.03125
6 0.76416015625 0.43359375 0.0322265625 0.033203125
6 0.404296875 0.728515625 0.037109375 0.0390625
6 0.41748046875 0.7353515625 0.0341796875 0.037109375
6 0.43115234375 0.7568359375 0.0380859375 0.0390625
6 0.15234375 0.4638671875 0.033203125 0.03515625
6 0.21728515625 0.68408203125 0.0380859375 0.0380859375
6 0.20654296875 0.67578125 0.0419921875 0.041015625
6 0.1962890625 0.66650390625 0.0390625 0.0419921875
6 0.18505859375 0.65771484375 0.0361328125 0.0380859375
6 0.1728515625 0.6494140625 0.033203125 0.033203125
6 0.16845703125 0.63671875 0.0361328125 0.037109375
6 0.158203125 0.62646484375 0.037109375 0.0400390625
6 0.1484375 0.6181640625 0.033203125 0.03515625
6 0.14111328125 0.60595703125 0.0361328125 0.0400390625
6 0.12353515625 0.6044921875 0.0224609375 0.025390625
6 0.1171875 0.591796875 0.03125 0.033203125
6 0.111328125 0.58056640625 0.033203125 0.0341796875
6 0.10107421875 0.5693359375 0.0341796875 0.03515625
6 0.13671875 0.45703125 0.033203125 0.03125
6 0.16064453125 0.47412109375 0.0341796875 0.0361328125
6 0.44384765625 0.76513671875 0.0341796875 0.0341796875
6 0.1689453125 0.48388671875 0.03515625 0.0341796875
6 0.177734375 0.494140625 0.0390625 0.037109375
6 0.19482421875 0.51708984375 0.0419921875 0.0400390625
6 0.1943359375 0.4970703125 0.01953125 0.01953125
6 0.208984375 0.52197265625 0.029296875 0.0322265625
6 0.22265625 0.54296875 0.04296875 0.04296875
6 0.23779296875 0.55029296875 0.0322265625 0.0322265625
6 0.24462890625 0.56103515625 0.0361328125 0.0341796875
6 0.25244140625 0.57373046875 0.0380859375 0.0380859375
6 0.26416015625 0.5810546875 0.0341796875 0.03515625
6 0.57861328125 0.82177734375 0.0380859375 0.0380859375
6 0.56640625 0.81494140625 0.033203125 0.0322265625
6 0.55908203125 0.8046875 0.0341796875 0.03515625
6 0.55078125 0.794921875 0.037109375 0.037109375
6 0.21875 0.701171875 0.025390625 0.025390625
6 0.2421875 0.7080078125 0.05078125 0.05078125
6 0.2548828125 0.724609375 0.037109375 0.0390625
6 0.27197265625 0.74365234375 0.0361328125 0.0380859375
6 0.45068359375 0.7783203125 0.0380859375 0.04296875
6 0.462890625 0.78466796875 0.03125 0.0341796875
6 0.47021484375 0.794921875 0.0361328125 0.037109375
6 0.4775390625 0.80517578125 0.033203125 0.0341796875
6 0.4912109375 0.8125 0.037109375 0.03515625
6 0.49951171875 0.82275390625 0.0380859375 0.0361328125
6 0.5087890625 0.83349609375 0.037109375 0.0380859375
6 0.51904296875 0.8427734375 0.0361328125 0.03515625
6 0.529296875 0.853515625 0.0390625 0.0390625
6 0.5361328125 0.865234375 0.033203125 0.033203125
6 0.4638671875 0.93359375 0.041015625 0.041015625
6 0.45263671875 0.92626953125 0.0400390625 0.0419921875
6 0.439453125 0.91943359375 0.033203125 0.0341796875
6 0.431640625 0.908203125 0.03125 0.033203125
6 0.421875 0.8994140625 0.03515625 0.037109375
6 0.412109375 0.888671875 0.033203125 0.03515625
6 0.40234375 0.8818359375 0.029296875 0.03125
6 0.3974609375 0.8681640625 0.041015625 0.041015625
6 0.38427734375 0.86083984375 0.0361328125 0.0380859375
6 0.37548828125 0.85107421875 0.0361328125 0.0380859375
6 0.365234375 0.84326171875 0.033203125 0.0361328125
6 0.35546875 0.83056640625 0.03125 0.0361328125
6 0.34619140625 0.8232421875 0.0322265625 0.037109375
6 0.33935546875 0.8095703125 0.0400390625 0.041015625
6 0.32861328125 0.80126953125 0.0380859375 0.0400390625
6 0.31005859375 0.7822265625 0.0341796875 0.037109375
6 0.298828125 0.7734375 0.037109375 0.041015625
6 0.2900390625 0.763671875 0.03515625 0.037109375
6 0.2802734375 0.75439453125 0.03515625 0.0361328125
6 0.8466796875 0.3427734375 0.0234375 0.021484375
6 0.859375 0.35986328125 0.03125 0.0322265625
6 0.8759765625 0.373046875 0.0234375 0.0234375
6 0.525390625 0.119140625 0.03125 0.02734375
6 0.26318359375 0.16748046875 0.0458984375 0.0478515625
6 0.27490234375 0.15478515625 0.0478515625 0.0478515625
6 0.27294921875 0.13671875 0.0224609375 0.0234375
6 0.2958984375 0.14111328125 0.056640625 0.0556640625
6 0.3056640625 0.12451171875 0.048828125 0.0478515625
6 0.3125 0.1103515625 0.0390625 0.0390625
6 0.326171875 0.10205078125 0.044921875 0.0439453125
6 0.353515625 0.07666015625 0.0390625 0.0419921875
6 0.36376953125 0.06640625 0.0361328125 0.041015625
6 0.38330078125 0.05712890625 0.0517578125 0.0537109375
6 0.39208984375 0.04052734375 0.0419921875 0.0419921875
6 0.40478515625 0.03076171875 0.0478515625 0.0478515625
6 0.5029296875 0.095703125 0.029296875 0.02734375
6 0.51123046875 0.10400390625 0.0302734375 0.0263671875
6 0.53173828125 0.12939453125 0.0263671875 0.0263671875
6 0.24462890625 0.80517578125 0.0458984375 0.0478515625
6 0.04150390625 0.4765625 0.0439453125 0.044921875
6 0.0693359375 0.5419921875 0.03125 0.03515625
6 0.08349609375 0.54736328125 0.0419921875 0.0478515625
6 0.08935546875 0.5615234375 0.0322265625 0.033203125
6 0.1572265625 0.7197265625 0.046875 0.048828125
6 0.17041015625 0.72802734375 0.0400390625 0.0419921875
6 0.18115234375 0.73974609375 0.0439453125 0.0439453125
6 0.19140625 0.75146484375 0.04296875 0.0458984375
6 0.205078125 0.7587890625 0.041015625 0.04296875
6 0.21435546875 0.77099609375 0.0458984375 0.0419921875
6 0.22314453125 0.78515625 0.0478515625 0.046875
6 0.2509765625 0.17822265625 0.048828125 0.0498046875
6 0.2392578125 0.19091796875 0.048828125 0.0517578125
6 0.22802734375 0.2001953125 0.0439453125 0.044921875
6 0.212890625 0.2060546875 0.03515625 0.037109375
12 0.591796875 0.4111328125 0.419921875 0.427734375
12 0.47119140625 0.521484375 0.4130859375 0.41796875
12 0.3564453125 0.63525390625 0.412109375 0.4208984375
12 0.2373046875 0.751953125 0.4140625 0.421875
6 0.04052734375 0.5947265625 0.0419921875 0.041015625
6 0.0205078125 0.57666015625 0.0390625 0.0458984375
6 0.060546875 0.619140625 0.046875 0.046875
6 0.072265625 0.62939453125 0.04296875 0.0439453125
6 0.0810546875 0.642578125 0.05078125 0.048828125
6 0.09375 0.6533203125 0.044921875 0.044921875
6 0.10107421875 0.66650390625 0.0498046875 0.0517578125
6 0.11669921875 0.6728515625 0.0400390625 0.044921875
6 0.1259765625 0.6865234375 0.04296875 0.048828125
6 0.140625 0.693359375 0.037109375 0.041015625
6 0.1494140625 0.70458984375 0.0390625 0.0400390625
6 0.04345703125 0.37890625 0.0458984375 0.044921875
6 0.0537109375 0.365234375 0.041015625 0.0390625
6 0.06591796875 0.35302734375 0.0478515625 0.0419921875
6 0.07275390625 0.34130859375 0.0400390625 0.0380859375
6 0.08935546875 0.33544921875 0.0498046875 0.0517578125
6 0.1064453125 0.326171875 0.052734375 0.048828125
6 0.1171875 0.30517578125 0.04296875 0.0419921875
6 0.13232421875 0.29736328125 0.0478515625 0.0517578125
6 0.14208984375 0.27783203125 0.0439453125 0.0419921875
6 0.15380859375 0.2646484375 0.0380859375 0.0390625
6 0.17431640625 0.24462890625 0.0380859375 0.0361328125
6 0.18994140625 0.2392578125 0.0517578125 0.048828125
6 0.1943359375 0.22216796875 0.033203125 0.0341796875
6 0.20263671875 0.2138671875 0.0341796875 0.03515625
6 0.23486328125 0.7939453125 0.0439453125 0.046875
6 0.255859375 0.8154296875 0.044921875 0.046875
6 0.888671875 0.388671875 0.029296875 0.02734375
6 0.86376953125 0.892578125 0.0537109375 0.05859375
6 0.669921875 0.98291015625 0.037109375 0.0341796875
6 0.68212890625 0.97265625 0.0322265625 0.033203125
6 0.7587890625 0.9755859375 0.056640625 0.048828125
6 0.6923828125 0.9931640625 0.02734375 0.013671875
6 0.791015625 0.94140625 0.05078125 0.048828125
6 0.80615234375 0.93310546875 0.0537109375 0.0537109375
6 0.8173828125 0.92236328125 0.046875 0.0517578125
6 0.8310546875 0.91162109375 0.05078125 0.0537109375
6 0.84619140625 0.90087890625 0.0537109375 0.0576171875
6 0.8720703125 0.875 0.0546875 0.0546875
6 0.267578125 0.826171875 0.04296875 0.046875
6 0.88037109375 0.85693359375 0.0478515625 0.0478515625
6 0.89501953125 0.84765625 0.0595703125 0.056640625
6 0.91015625 0.83642578125 0.064453125 0.0615234375
6 0.91748046875 0.81884765625 0.0498046875 0.0478515625
6 0.93408203125 0.81005859375 0.0537109375 0.0517578125
6 0.9462890625 0.79833984375 0.04296875 0.0458984375
6 0.9521484375 0.78173828125 0.044921875 0.0439453125
6 0.96484375 0.7724609375 0.05078125 0.048828125
6 0.97265625 0.7568359375 0.041015625 0.041015625
6 0.9521484375 0.45751953125 0.03125 0.0302734375
6 0.93896484375 0.43994140625 0.0283203125 0.0263671875
6 0.919921875 0.419921875 0.02734375 0.02734375
6 0.90966796875 0.4150390625 0.0263671875 0.03125
6 0.90380859375 0.40380859375 0.0302734375 0.0283203125
6 0.71728515625 0.9228515625 0.0283203125 0.029296875
6 0.72998046875 0.90869140625 0.0380859375 0.0380859375
6 0.70068359375 0.89990234375 0.0380859375 0.0380859375
6 0.6650390625 0.8623046875 0.02734375 0.029296875
6 0.2783203125 0.83642578125 0.04296875 0.0458984375
6 0.2890625 0.8466796875 0.04296875 0.04296875
6 0.29833984375 0.85791015625 0.0419921875 0.0419921875
6 0.3095703125 0.8671875 0.041015625 0.041015625
6 0.3193359375 0.8828125 0.04296875 0.044921875
6 0.33056640625 0.89306640625 0.0439453125 0.0439453125
6 0.34326171875 0.9013671875 0.0419921875 0.041015625
6 0.3515625 0.91748046875 0.046875 0.0498046875
6 0.36474609375 0.92529296875 0.0419921875 0.0439453125
6 0.37353515625 0.9384765625 0.0458984375 0.048828125
6 0.384765625 0.94775390625 0.044921875 0.0458984375
6 0.4052734375 0.96923828125 0.041015625 0.0419921875
6 0.39599609375 0.95947265625 0.0400390625 0.0400390625
6 0.4169921875 0.97900390625 0.04296875 0.0419921875
6 0.5556640625 0.962890625 0.044921875 0.052734375
6 0.57373046875 0.9462890625 0.0439453125 0.048828125
6 0.59228515625 0.92626953125 0.0400390625 0.0439453125
6 0.6875 0.88427734375 0.037109375 0.0380859375
6 0.671875 0.85205078125 0.0390625 0.0400390625
6 0.5400390625 0.78466796875 0.03515625 0.0361328125
6 0.53125 0.7734375 0.0390625 0.0390625
6 0.521484375 0.7646484375 0.03515625 0.037109375
6 0.52294921875 0.30322265625 0.0341796875 0.0322265625
6 0.6806640625 0.4658203125 0.029296875 0.03125
6 0.6708984375 0.458984375 0.02734375 0.029296875
6 0.6630859375 0.45263671875 0.025390625 0.0283203125
6 0.65673828125 0.443359375 0.0283203125 0.029296875
6 0.6484375 0.4345703125 0.03125 0.03125
6 0.6337890625 0.41943359375 0.03125 0.0322265625
6 0.625 0.41015625 0.029296875 0.029296875
6 0.6171875 0.40185546875 0.03125 0.0322265625
6 0.609375 0.3916015625 0.033203125 0.03125
6 0.5849609375 0.3701171875 0.03515625 0.033203125
6 0.56982421875 0.3525390625 0.0322265625 0.03515625
6 0.55859375 0.34765625 0.025390625 0.02734375
6 0.552734375 0.3369140625 0.03125 0.033203125
6 0.53076171875 0.31201171875 0.0322265625 0.0302734375
6 0.51318359375 0.29736328125 0.0302734375 0.0283203125
6 0.5498046875 0.14453125 0.03125 0.025390625
6 0.50439453125 0.28955078125 0.0283203125 0.0283203125
6 0.4990234375 0.2783203125 0.03125 0.029296875
6 0.49267578125 0.27001953125 0.0302734375 0.0302734375
6 0.46826171875 0.13037109375 0.0322265625 0.0322265625
6 0.4892578125 0.1416015625 0.0234375 0.0234375
6 0.49462890625 0.15234375 0.0263671875 0.025390625
6 0.52490234375 0.1884765625 0.0302734375 0.033203125
6 0.53369140625 0.19775390625 0.0302734375 0.0322265625
6 0.54248046875 0.20556640625 0.0322265625 0.0302734375
6 0.55615234375 0.22021484375 0.0302734375 0.0283203125
6 0.564453125 0.22802734375 0.03125 0.0302734375
6 0.57958984375 0.248046875 0.0361328125 0.0390625
6 0.59716796875 0.26025390625 0.0283203125 0.0283203125
6 0.60498046875 0.26904296875 0.0283203125 0.0283203125
6 0.6884765625 0.4755859375 0.029296875 0.03125
6 0.69921875 0.4814453125 0.03125 0.033203125
6 0.71044921875 0.50048828125 0.0263671875 0.0283203125
6 0.720703125 0.50732421875 0.029296875 0.0302734375
6 0.552734375 0.41162109375 0.03515625 0.0361328125
6 0.5712890625 0.43115234375 0.037109375 0.0361328125
6 0.58154296875 0.439453125 0.0341796875 0.03515625
6 0.5888671875 0.4541015625 0.037109375 0.041015625
6 0.6015625 0.458984375 0.033203125 0.033203125
6 0.6064453125 0.4736328125 0.03515625 0.041015625
6 0.62109375 0.478515625 0.03515625 0.03515625
6 0.6279296875 0.48876953125 0.037109375 0.0361328125
6 0.63720703125 0.4990234375 0.0380859375 0.0390625
6 0.64697265625 0.505859375 0.0341796875 0.033203125
6 0.6591796875 0.51708984375 0.03515625 0.0361328125
6 0.66748046875 0.52685546875 0.0341796875 0.0341796875
6 0.67578125 0.5380859375 0.0390625 0.0390625
6 0.68505859375 0.54833984375 0.0380859375 0.0380859375
6 0.69677734375 0.5556640625 0.0322265625 0.03515625
6 0.70458984375 0.56640625 0.0361328125 0.037109375
6 0.71142578125 0.57763671875 0.0419921875 0.0400390625
6 0.72705078125 0.58349609375 0.0283203125 0.0263671875
6 0.732421875 0.59619140625 0.037109375 0.0380859375
6 0.75146484375 0.61572265625 0.0380859375 0.0380859375
6 0.76171875 0.62451171875 0.03515625 0.0361328125
6 0.80224609375 0.5888671875 0.0283203125 0.03125
6 0.79443359375 0.53125 0.0283203125 0.02734375
6 0.7783203125 0.56396484375 0.033203125 0.0341796875
6 0.77001953125 0.5546875 0.0322265625 0.03515625
6 0.7587890625 0.5498046875 0.02734375 0.029296875
6 0.75244140625 0.5400390625 0.0302734375 0.03125
6 0.73486328125 0.52587890625 0.0263671875 0.0263671875
6 0.7294921875 0.51513671875 0.03125 0.0322265625
6 0.54052734375 0.13671875 0.0283203125 0.0234375
6 0.5625 0.15771484375 0.02734375 0.0263671875
6 0.53369140625 0.3916015625 0.0341796875 0.03515625
6 0.13232421875 0.9091796875 0.0419921875 0.044921875
6 0.01123046875 0.7744140625 0.0205078125 0.03125
6 0.0185546875 0.7900390625 0.03515625 0.044921875
6 0.02099609375 0.80419921875 0.0419921875 0.0419921875
6 0.03515625 0.8125 0.046875 0.046875
6 0.03662109375 0.83056640625 0.0263671875 0.0263671875
6 0.06298828125 0.84521484375 0.0458984375 0.0458984375
6 0.07470703125 0.8564453125 0.0439453125 0.04296875
6 0.0830078125 0.86962890625 0.0390625 0.0400390625
6 0.0908203125 0.880859375 0.037109375 0.0390625
6 0.107421875 0.8876953125 0.04296875 0.044921875
6 0.11865234375 0.8994140625 0.0400390625 0.044921875
6 0.138671875 0.9228515625 0.044921875 0.044921875
6 0.56982421875 0.166015625 0.0283203125 0.025390625
6 0.14404296875 0.9375 0.0380859375 0.0390625
6 0.16064453125 0.943359375 0.0478515625 0.048828125
6 0.17431640625 0.95361328125 0.0517578125 0.0517578125
6 0.18310546875 0.96875 0.0439453125 0.04296875
6 0.2001953125 0.98681640625 0.0390625 0.0263671875
6 0.63037109375 0.12744140625 0.0302734375 0.0302734375
6 0.638671875 0.13330078125 0.029296875 0.0283203125
6 0.64404296875 0.14306640625 0.0302734375 0.0283203125
6 0.65234375 0.15185546875 0.029296875 0.0302734375
6 0.5751953125 0.17578125 0.021484375 0.0234375
6 0.59326171875 0.1884765625 0.0283203125 0.02734375
6 0.60009765625 0.19677734375 0.0244140625 0.0244140625
6 0.61474609375 0.21044921875 0.0263671875 0.0263671875
6 0.62353515625 0.21923828125 0.0302734375 0.0283203125
6 0.63232421875 0.2255859375 0.0302734375 0.02734375
6 0.64599609375 0.2412109375 0.0302734375 0.029296875
6 0.65234375 0.248046875 0.02734375 0.025390625
6 0.65966796875 0.255859375 0.0302734375 0.029296875
6 0.66552734375 0.263671875 0.0263671875 0.025390625
6 0.67529296875 0.2705078125 0.0322265625 0.03125
6 0.681640625 0.27978515625 0.029296875 0.0283203125
6 0.68994140625 0.28759765625 0.0244140625 0.0244140625
6 0.61328125 0.2763671875 0.029296875 0.029296875
6 0.62158203125 0.2841796875 0.0283203125 0.029296875
6 0.6298828125 0.29150390625 0.029296875 0.0283203125
6 0.6396484375 0.2998046875 0.025390625 0.025390625
6 0.64501953125 0.3095703125 0.0302734375 0.03125
6 0.66796875 0.33349609375 0.03125 0.0322265625
6 0.6787109375 0.34228515625 0.025390625 0.0263671875
6 0.68505859375 0.3505859375 0.0263671875 0.02734375
6 0.693359375 0.3583984375 0.02734375 0.029296875
6 0.70166015625 0.3662109375 0.0302734375 0.029296875
6 0.70947265625 0.37451171875 0.0283203125 0.0263671875
6 0.71728515625 0.38330078125 0.0322265625 0.0302734375
6 0.732421875 0.39599609375 0.029296875 0.0283203125
6 0.67919921875 0.169921875 0.0224609375 0.021484375
6 0.66943359375 0.1650390625 0.0263671875 0.029296875
6 0.66064453125 0.15869140625 0.0283203125 0.0302734375
6 0.54150390625 0.40234375 0.0341796875 0.03515625
6 0.521484375 0.38427734375 0.037109375 0.0380859375
6 0.51318359375 0.75439453125 0.0400390625 0.0400390625
6 0.466796875 0.55224609375 0.03125 0.0341796875
6 0.3115234375 0.3994140625 0.0390625 0.03515625
6 0.31982421875 0.4111328125 0.0439453125 0.041015625
6 0.33154296875 0.4208984375 0.0380859375 0.037109375
6 0.3408203125 0.43212890625 0.04296875 0.0439453125
6 0.35302734375 0.4375 0.0322265625 0.03515625
6 0.369140625 0.4599609375 0.037109375 0.0390625
6 0.38134765625 0.470703125 0.0439453125 0.044921875
6 0.39990234375 0.4853515625 0.0361328125 0.037109375
6 0.40966796875 0.49658203125 0.0361328125 0.0380859375
6 0.419921875 0.50439453125 0.033203125 0.0322265625
6 0.4267578125 0.5166015625 0.0390625 0.0390625
6 0.4365234375 0.52734375 0.037109375 0.037109375
6 0.44677734375 0.5361328125 0.0322265625 0.033203125
6 0.45751953125 0.54345703125 0.0322265625 0.0341796875
6 0.474609375 0.564453125 0.0390625 0.0390625
6 0.634765625 0.7294921875 0.0390625 0.041015625
6 0.4853515625 0.57421875 0.03515625 0.03515625
6 0.49462890625 0.58349609375 0.0341796875 0.0361328125
6 0.51220703125 0.58642578125 0.0205078125 0.0224609375
6 0.51416015625 0.60107421875 0.0361328125 0.0341796875
6 0.5234375 0.611328125 0.0390625 0.03515625
6 0.533203125 0.6201171875 0.03125 0.033203125
6 0.541015625 0.6298828125 0.03515625 0.03515625
6 0.55078125 0.6376953125 0.029296875 0.03125
6 0.560546875 0.64990234375 0.0390625 0.0341796875
6 0.57177734375 0.65966796875 0.0380859375 0.0341796875
6 0.57861328125 0.67333984375 0.0380859375 0.0380859375
6 0.60009765625 0.6875 0.0341796875 0.033203125
6 0.60888671875 0.69970703125 0.0361328125 0.0361328125
6 0.61865234375 0.71044921875 0.0380859375 0.0380859375
6 0.3056640625 0.38720703125 0.033203125 0.0322265625
6 0.29541015625 0.37890625 0.0361328125 0.037109375
6 0.28564453125 0.36962890625 0.0380859375 0.0380859375
6 0.2744140625 0.36181640625 0.041015625 0.0400390625
6 0.50341796875 0.7451171875 0.0361328125 0.037109375
6 0.4931640625 0.73681640625 0.037109375 0.0361328125
6 0.4814453125 0.7275390625 0.03125 0.033203125
6 0.4775390625 0.71240234375 0.041015625 0.0400390625
6 0.45654296875 0.69677734375 0.0400390625 0.0400390625
6 0.44580078125 0.68798828125 0.0361328125 0.0361328125
6 0.43798828125 0.6767578125 0.0380859375 0.037109375
6 0.4296875 0.66552734375 0.041015625 0.0400390625
6 0.4189453125 0.65576171875 0.0390625 0.0400390625
6 0.40625 0.64794921875 0.03515625 0.0361328125
6 0.39013671875 0.62841796875 0.0361328125 0.0380859375
6 0.37939453125 0.6220703125 0.0322265625 0.03515625
6 0.36962890625 0.609375 0.0361328125 0.03515625
6 0.36279296875 0.59814453125 0.0400390625 0.0400390625
6 0.3505859375 0.5908203125 0.033203125 0.033203125
6 0.32861328125 0.57373046875 0.0283203125 0.0283203125
6 0.32568359375 0.560546875 0.0380859375 0.03515625
6 0.3134765625 0.55322265625 0.037109375 0.0361328125
6 0.30712890625 0.5390625 0.0439453125 0.044921875
6 0.29443359375 0.53173828125 0.0361328125 0.0380859375
6 0.2763671875 0.51318359375 0.037109375 0.0380859375
6 0.2646484375 0.5048828125 0.03515625 0.033203125
6 0.24951171875 0.48291015625 0.0400390625 0.0400390625
6 0.23779296875 0.47412109375 0.0341796875 0.0341796875
6 0.22802734375 0.46533203125 0.0361328125 0.0361328125
6 0.2197265625 0.4521484375 0.0390625 0.041015625
6 0.2001953125 0.43603515625 0.03515625 0.0380859375
6 0.2626953125 0.33544921875 0.029296875 0.0244140625
6 0.26708984375 0.34912109375 0.0380859375 0.0380859375
6 0.62744140625 0.71875 0.0361328125 0.037109375
6 0.6455078125 0.73486328125 0.03515625 0.0322265625
6 0.5029296875 0.3642578125 0.041015625 0.041015625
6 0.4560546875 0.23876953125 0.029296875 0.0322265625
6 0.36181640625 0.369140625 0.0341796875 0.0390625
6 0.35546875 0.35595703125 0.0390625 0.0400390625
6 0.34326171875 0.35107421875 0.0322265625 0.0322265625
6 0.33544921875 0.3408203125 0.0361328125 0.03515625
6 0.326171875 0.33056640625 0.037109375 0.0380859375
6 0.31787109375 0.31982421875 0.0380859375 0.0380859375
6 0.30810546875 0.30908203125 0.0341796875 0.0361328125
6 0.29638671875 0.30126953125 0.0380859375 0.0380859375
6 0.3720703125 0.2275390625 0.03515625 0.03515625
6 0.41064453125 0.18896484375 0.0322265625 0.0322265625
6 0.41845703125 0.19580078125 0.0322265625 0.0302734375
6 0.423828125 0.20458984375 0.03125 0.0341796875
6 0.4287109375 0.2177734375 0.0234375 0.0234375
6 0.44189453125 0.22021484375 0.0302734375 0.0302734375
6 0.466796875 0.24462890625 0.03125 0.0322265625
6 0.65185546875 0.748046875 0.0439453125 0.04296875
6 0.400390625 0.255859375 0.03515625 0.03515625
6 0.40869140625 0.26611328125 0.0322265625 0.0341796875
6 0.41845703125 0.2763671875 0.0361328125 0.037109375
6 0.4287109375 0.28662109375 0.03515625 0.0380859375
6 0.43701171875 0.296875 0.0322265625 0.03515625
6 0.44677734375 0.30517578125 0.0361328125 0.0380859375
6 0.4736328125 0.25537109375 0.029296875 0.0302734375
6 0.47998046875 0.26513671875 0.0283203125 0.0283203125
6 0.4541015625 0.3173828125 0.04296875 0.04296875
6 0.4677734375 0.32373046875 0.03515625 0.0341796875
6 0.4755859375 0.333984375 0.03515625 0.033203125
6 0.4853515625 0.341796875 0.033203125 0.033203125
6 0.49560546875 0.3515625 0.0361328125 0.03515625
6 0.51171875 0.3740234375 0.037109375 0.0390625
6 0.3720703125 0.3818359375 0.03515625 0.03515625
6 0.38330078125 0.388671875 0.0400390625 0.0390625
6 0.38916015625 0.400390625 0.0244140625 0.025390625
6 0.4013671875 0.40771484375 0.037109375 0.0380859375
6 0.6962890625 0.70556640625 0.037109375 0.0400390625
6 0.68603515625 0.697265625 0.0380859375 0.0390625
6 0.67626953125 0.68798828125 0.0361328125 0.0380859375
6 0.66650390625 0.677734375 0.0380859375 0.041015625
6 0.658203125 0.66552734375 0.041015625 0.0419921875
6 0.64892578125 0.6572265625 0.0361328125 0.037109375
6 0.640625 0.6474609375 0.03515625 0.03515625
6 0.6279296875 0.64111328125 0.03125 0.0322265625
6 0.6181640625 0.63232421875 0.03125 0.0322265625
6 0.60302734375 0.60986328125 0.0400390625 0.0400390625
6 0.59130859375 0.60302734375 0.0361328125 0.0361328125
6 0.5830078125 0.59033203125 0.037109375 0.0380859375
6 0.57177734375 0.58203125 0.0380859375 0.0390625
6 0.5615234375 0.572265625 0.03515625 0.03515625
6 0.5537109375 0.56103515625 0.03515625 0.0380859375
6 0.54296875 0.55322265625 0.03125 0.0380859375
6 0.53271484375 0.5458984375 0.0341796875 0.03515625
6 0.5234375 0.5283203125 0.05078125 0.048828125
6 0.5087890625 0.5126953125 0.02734375 0.02734375
6 0.49609375 0.505859375 0.03515625 0.03515625
6 0.4873046875 0.4931640625 0.037109375 0.0390625
6 0.4765625 0.4853515625 0.033203125 0.03515625
6 0.46728515625 0.4755859375 0.0380859375 0.0390625
6 0.45703125 0.466796875 0.03515625 0.037109375
6 0.45068359375 0.4560546875 0.0361328125 0.037109375
6 0.44091796875 0.44677734375 0.0380859375 0.0400390625
6 0.42822265625 0.439453125 0.0283203125 0.029296875
6 0.42041015625 0.42626953125 0.0361328125 0.0380859375
6 0.41162109375 0.41552734375 0.0341796875 0.0361328125
12 0.6845703125 0.31591796875 0.419921875 0.4228515625
