6 0.79248046875 0.158203125 0.0224609375 0.021484375
6 0.85400390625 0.21630859375 0.0263671875 0.0263671875
6 0.84814453125 0.20703125 0.0263671875 0.02734375
6 0.84130859375 0.19873046875 0.0244140625 0.0263671875
6 0.82568359375 0.18603515625 0.0263671875 0.0263671875
6 0.8173828125 0.17724609375 0.02734375 0.0244140625
6 0.8125 0.16845703125 0.029296875 0.0263671875
6 0.8701171875 0.1318359375 0.03125 0.029296875
6 0.8623046875 0.12353515625 0.03125 0.0302734375
6 0.857421875 0.11279296875 0.025390625 0.0263671875
6 0.84912109375 0.107421875 0.0283203125 0.029296875
6 0.84033203125 0.09765625 0.0283203125 0.025390625
6 0.83544921875 0.08984375 0.0263671875 0.0234375
6 0.82470703125 0.083984375 0.0263671875 0.025390625
6 0.8056640625 0.15966796875 0.03125 0.0302734375
6 0.7900390625 0.1474609375 0.02734375 0.025390625
6 0.826171875 0.251953125 0.029296875 0.029296875
6 0.7822265625 0.140625 0.029296875 0.02734375
6 0.36669921875 0.44580078125 0.0361328125 0.0380859375
6 0.37646484375 0.45458984375 0.0361328125 0.0361328125
6 0.384765625 0.46533203125 0.037109375 0.0361328125
6 0.39306640625 0.47802734375 0.0439453125 0.0458984375
6 0.4033203125 0.48779296875 0.03515625 0.0400390625
6 0.41357421875 0.49609375 0.0400390625 0.04296875
6 0.42333984375 0.5048828125 0.0380859375 0.041015625
6 0.43408203125 0.513671875 0.0361328125 0.041015625
6 0.4404296875 0.5263671875 0.037109375 0.0390625
6 0.4541015625 0.53369140625 0.03515625 0.0361328125
6 0.46240234375 0.5419921875 0.0341796875 0.03125
6 0.47021484375 0.552734375 0.0419921875 0.0390625
6 0.48095703125 0.56298828125 0.0400390625 0.0380859375
6 0.8623046875 0.2255859375 0.025390625 0.0234375
6 0.83642578125 0.25830078125 0.0263671875 0.0263671875
6 0.9072265625 0.26904296875 0.02734375 0.0263671875
6 0.92236328125 0.18115234375 0.0283203125 0.0263671875
6 0.90966796875 0.16455078125 0.0244140625 0.0224609375
6 0.9892578125 0.3505859375 0.021484375 0.02734375
6 0.98291015625 0.34326171875 0.0283203125 0.0283203125
6 0.97314453125 0.33642578125 0.0263671875 0.0263671875
6 0.94775390625 0.37548828125 0.0302734375 0.0283203125
6 0.93701171875 0.36865234375 0.0341796875 0.0322265625
6 0.95947265625 0.32177734375 0.0263671875 0.0263671875
6 0.95458984375 0.3125 0.0263671875 0.025390625
6 0.94580078125 0.3076171875 0.0283203125 0.02734375
6 0.93603515625 0.30029296875 0.0244140625 0.0244140625
6 0.93359375 0.2880859375 0.029296875 0.03125
6 0.9228515625 0.28271484375 0.02734375 0.0302734375
6 0.91552734375 0.27490234375 0.0263671875 0.0283203125
6 0.900390625 0.2607421875 0.02734375 0.02734375
6 0.841796875 0.26953125 0.03125 0.033203125
6 0.892578125 0.2548828125 0.0234375 0.0234375
6 0.88720703125 0.24462890625 0.0302734375 0.0283203125
6 0.876953125 0.2392578125 0.025390625 0.025390625
6 0.86962890625 0.23193359375 0.0224609375 0.0224609375
6 0.9296875 0.359375 0.03125 0.029296875
6 0.921875 0.349609375 0.03125 0.03125
6 0.9130859375 0.34228515625 0.029296875 0.0283203125
6 0.90771484375 0.3330078125 0.0263671875 0.025390625
6 0.89013671875 0.3193359375 0.0302734375 0.029296875
6 0.8818359375 0.3115234375 0.03125 0.03125
6 0.87353515625 0.3037109375 0.0302734375 0.03125
6 0.869140625 0.2919921875 0.029296875 0.02734375
6 0.8583984375 0.287109375 0.029296875 0.03125
6 0.84912109375 0.279296875 0.0322265625 0.033203125
6 0.4892578125 0.57421875 0.037109375 0.0390625
6 0.50244140625 0.5810546875 0.0341796875 0.037109375
6 0.51611328125 0.6025390625 0.0380859375 0.0390625
6 0.2373046875 0.3095703125 0.033203125 0.03515625
6 0.30224609375 0.52978515625 0.0380859375 0.0380859375
6 0.29150390625 0.521484375 0.0419921875 0.041015625
6 0.28125 0.51220703125 0.0390625 0.0419921875
6 0.27001953125 0.50341796875 0.0361328125 0.0380859375
6 0.2578125 0.4951171875 0.033203125 0.033203125
6 0.25341796875 0.482421875 0.0361328125 0.037109375
6 0.2431640625 0.47216796875 0.037109375 0.0400390625
6 0.2333984375 0.4638671875 0.033203125 0.03515625
6 0.22607421875 0.45166015625 0.0361328125 0.0400390625
6 0.20849609375 0.4501953125 0.0224609375 0.025390625
6 0.2021484375 0.4375 0.03125 0.033203125
6 0.1962890625 0.42626953125 0.033203125 0.0341796875
6 0.18603515625 0.4150390625 0.0341796875 0.03515625
6 0.2216796875 0.302734375 0.033203125 0.03125
6 0.24560546875 0.31982421875 0.0341796875 0.0361328125
6 0.52880859375 0.61083984375 0.0341796875 0.0341796875
6 0.25390625 0.32958984375 0.03515625 0.0341796875
6 0.2626953125 0.33984375 0.0390625 0.037109375
6 0.27978515625 0.36279296875 0.0419921875 0.0400390625
6 0.279296875 0.3427734375 0.01953125 0.01953125
6 0.2939453125 0.36767578125 0.029296875 0.0322265625
6 0.3076171875 0.388671875 0.04296875 0.04296875
6 0.32275390625 0.39599609375 0.0322265625 0.0322265625
6 0.32958984375 0.40673828125 0.0361328125 0.0341796875
6 0.33740234375 0.41943359375 0.0380859375 0.0380859375
6 0.34912109375 0.4267578125 0.0341796875 0.03515625
6 0.66357421875 0.66748046875 0.0380859375 0.0380859375
6 0.6513671875 0.66064453125 0.033203125 0.0322265625
6 0.64404296875 0.650390625 0.0341796875 0.03515625
6 0.6357421875 0.640625 0.037109375 0.037109375
6 0.3037109375 0.546875 0.025390625 0.025390625
6 0.3271484375 0.5537109375 0.05078125 0.05078125
6 0.33984375 0.5703125 0.037109375 0.0390625
6 0.35693359375 0.58935546875 0.0361328125 0.0380859375
6 0.53564453125 0.6240234375 0.0380859375 0.04296875
6 0.5478515625 0.63037109375 0.03125 0.0341796875
6 0.55517578125 0.640625 0.0361328125 0.037109375
6 0.5625 0.65087890625 0.033203125 0.0341796875
6 0.576171875 0.658203125 0.037109375 0.03515625
6 0.58447265625 0.66845703125 0.0380859375 0.0361328125
6 0.59375 0.67919921875 0.037109375 0.0380859375
6 0.60400390625 0.6884765625 0.0361328125 0.03515625
6 0.6142578125 0.69921875 0.0390625 0.0390625
6 0.62109375 0.7109375 0.033203125 0.033203125
6 0.548828125 0.779296875 0.041015625 0.041015625
6 0.53759765625 0.77197265625 0.0400390625 0.0419921875
6 0.5244140625 0.76513671875 0.033203125 0.0341796875
6 0.5166015625 0.75390625 0.03125 0.033203125
6 0.5068359375 0.7451171875 0.03515625 0.037109375
6 0.4970703125 0.734375 0.033203125 0.03515625
6 0.4873046875 0.7275390625 0.029296875 0.03125
6 0.482421875 0.7138671875 0.041015625 0.041015625
6 0.46923828125 0.70654296875 0.0361328125 0.0380859375
6 0.46044921875 0.69677734375 0.0361328125 0.0380859375
6 0.4501953125 0.68896484375 0.033203125 0.0361328125
6 0.4404296875 0.67626953125 0.03125 0.0361328125
6 0.43115234375 0.6689453125 0.0322265625 0.037109375
6 0.42431640625 0.6552734375 0.0400390625 0.041015625
6 0.41357421875 0.64697265625 0.0380859375 0.0400390625
6 0.39501953125 0.6279296875 0.0341796875 0.037109375
6 0.3837890625 0.619140625 0.037109375 0.041015625
6 0.375 0.609375 0.03515625 0.037109375
6 0.365234375 0.60009765625 0.03515625 0.0361328125
6 0.931640625 0.1884765625 0.0234375 0.021484375
6 0.9443359375 0.20556640625 0.03125 0.0322265625
6 0.9609375 0.21875 0.0234375 0.0234375
6 0.34814453125 0.01904296875 0.0458984375 0.0361328125
6 0.3662109375 0.0126953125 0.03515625 0.0234375
6 0.39599609375 0.0078125 0.0263671875 0.013671875
6 0.32958984375 0.65087890625 0.0458984375 0.0478515625
6 0.12646484375 0.322265625 0.0439453125 0.044921875
6 0.154296875 0.3876953125 0.03125 0.03515625
6 0.16845703125 0.39306640625 0.0419921875 0.0478515625
6 0.17431640625 0.4072265625 0.0322265625 0.033203125
6 0.02734375 0.330078125 0.048828125 0.048828125
6 0.0234375 0.34619140625 0.044921875 0.0595703125
6 0.01416015625 0.3642578125 0.0283203125 0.041015625
6 0.2421875 0.5654296875 0.046875 0.048828125
6 0.25537109375 0.57373046875 0.0400390625 0.0419921875
6 0.26611328125 0.58544921875 0.0439453125 0.0439453125
6 0.2763671875 0.59716796875 0.04296875 0.0458984375
6 0.2900390625 0.6044921875 0.041015625 0.04296875
6 0.29931640625 0.61669921875 0.0458984375 0.0419921875
6 0.30810546875 0.630859375 0.0478515625 0.046875
6 0.3359375 0.02490234375 0.048828125 0.0478515625
6 0.32421875 0.03662109375 0.048828125 0.0517578125
6 0.31298828125 0.0458984375 0.0439453125 0.044921875
6 0.2978515625 0.0517578125 0.03515625 0.037109375
12 0.6767578125 0.2568359375 0.419921875 0.427734375
12 0.55615234375 0.3671875 0.4130859375 0.41796875
12 0.44140625 0.48095703125 0.412109375 0.4208984375
12 0.322265625 0.59765625 0.4140625 0.421875
6 0.12548828125 0.4404296875 0.0419921875 0.041015625
6 0.10107421875 0.42333984375 0.0478515625 0.0478515625
6 0.1455078125 0.46484375 0.046875 0.046875
6 0.1572265625 0.47509765625 0.04296875 0.0439453125
6 0.166015625 0.48828125 0.05078125 0.048828125
6 0.1787109375 0.4990234375 0.044921875 0.044921875
6 0.18603515625 0.51220703125 0.0498046875 0.0517578125
6 0.20166015625 0.5185546875 0.0400390625 0.044921875
6 0.2109375 0.5322265625 0.04296875 0.048828125
6 0.2255859375 0.5390625 0.037109375 0.041015625
6 0.234375 0.55029296875 0.0390625 0.0400390625
6 0.12841796875 0.224609375 0.0458984375 0.044921875
6 0.138671875 0.2109375 0.041015625 0.0390625
6 0.15087890625 0.19873046875 0.0478515625 0.0419921875
6 0.15771484375 0.18701171875 0.0400390625 0.0380859375
6 0.17431640625 0.18115234375 0.0498046875 0.0517578125
6 0.19140625 0.171875 0.052734375 0.048828125
6 0.2021484375 0.15087890625 0.04296875 0.0419921875
6 0.21728515625 0.14306640625 0.0478515625 0.0517578125
6 0.22705078125 0.12353515625 0.0439453125 0.0419921875
6 0.23876953125 0.1103515625 0.0380859375 0.0390625
6 0.25927734375 0.09033203125 0.0380859375 0.0361328125
6 0.27490234375 0.0849609375 0.0517578125 0.048828125
6 0.279296875 0.06787109375 0.033203125 0.0341796875
6 0.28759765625 0.0595703125 0.0341796875 0.03515625
6 0.31982421875 0.6396484375 0.0439453125 0.046875
6 0.3408203125 0.6611328125 0.044921875 0.046875
6 0.9736328125 0.234375 0.029296875 0.02734375
6 0.94873046875 0.73828125 0.0537109375 0.05859375
6 0.7548828125 0.8291015625 0.037109375 0.03515625
6 0.76708984375 0.818359375 0.0322265625 0.033203125
6 0.77587890625 0.884765625 0.0361328125 0.037109375
6 0.79345703125 0.908203125 0.0341796875 0.021484375
6 0.7998046875 0.927734375 0.02734375 0.02734375
6 0.8447265625 0.826171875 0.05859375 0.05859375
6 0.8408203125 0.87353515625 0.044921875 0.0439453125
6 0.796875 0.86767578125 0.06640625 0.0712890625
6 0.86865234375 0.89453125 0.0107421875 0.01953125
6 0.8759765625 0.787109375 0.05078125 0.048828125
6 0.89111328125 0.77880859375 0.0537109375 0.0537109375
6 0.90234375 0.76806640625 0.046875 0.0517578125
6 0.916015625 0.75732421875 0.05078125 0.0537109375
6 0.93115234375 0.74658203125 0.0537109375 0.0576171875
6 0.95703125 0.720703125 0.0546875 0.0546875
6 0.3525390625 0.671875 0.04296875 0.046875
6 0.96533203125 0.70263671875 0.0478515625 0.0478515625
6 0.97509765625 0.69287109375 0.0498046875 0.0556640625
6 0.9814453125 0.6748046875 0.037109375 0.046875
6 0.98876953125 0.65625 0.0224609375 0.03125
6 0.99072265625 0.2607421875 0.0185546875 0.03125
6 0.98681640625 0.25048828125 0.0263671875 0.0263671875
6 0.80224609375 0.7685546875 0.0283203125 0.029296875
6 0.81494140625 0.75439453125 0.0380859375 0.0380859375
6 0.78564453125 0.74560546875 0.0380859375 0.0380859375
6 0.75 0.7080078125 0.02734375 0.029296875
6 0.36328125 0.68212890625 0.04296875 0.0458984375
6 0.3740234375 0.6923828125 0.04296875 0.04296875
6 0.38330078125 0.70361328125 0.0419921875 0.0419921875
6 0.39453125 0.712890625 0.041015625 0.041015625
6 0.404296875 0.728515625 0.04296875 0.044921875
6 0.41552734375 0.73876953125 0.0439453125 0.0439453125
6 0.42822265625 0.7470703125 0.0419921875 0.041015625
6 0.4365234375 0.76318359375 0.046875 0.0498046875
6 0.44970703125 0.77099609375 0.0419921875 0.0439453125
6 0.45849609375 0.7841796875 0.0458984375 0.048828125
6 0.4697265625 0.79345703125 0.044921875 0.0458984375
6 0.490234375 0.81494140625 0.041015625 0.0419921875
6 0.48095703125 0.80517578125 0.0400390625 0.0400390625
6 0.501953125 0.82568359375 0.04296875 0.0439453125
6 0.50390625 0.87841796875 0.05859375 0.0556640625
6 0.31689453125 0.900390625 0.0361328125 0.03515625
6 0.33349609375 0.9072265625 0.0634765625 0.064453125
6 0.2822265625 0.8779296875 0.02734375 0.029296875
6 0.244140625 0.93798828125 0.0234375 0.0244140625
6 0.33740234375 0.927734375 0.0478515625 0.044921875
6 0.35888671875 0.95703125 0.0576171875 0.044921875
6 0.365234375 0.9716796875 0.056640625 0.04296875
6 0.37255859375 0.98193359375 0.0615234375 0.0341796875
6 0.669921875 0.8759765625 0.029296875 0.0234375
6 0.640625 0.80859375 0.044921875 0.052734375
6 0.65869140625 0.7919921875 0.0439453125 0.048828125
6 0.67724609375 0.77197265625 0.0400390625 0.0439453125
6 0.7724609375 0.72998046875 0.037109375 0.0380859375
6 0.7568359375 0.69775390625 0.0390625 0.0400390625
6 0.625 0.63037109375 0.03515625 0.0361328125
6 0.6162109375 0.619140625 0.0390625 0.0390625
6 0.6064453125 0.6103515625 0.03515625 0.037109375
6 0.60791015625 0.14892578125 0.0341796875 0.0322265625
6 0.765625 0.3115234375 0.029296875 0.03125
6 0.755859375 0.3046875 0.02734375 0.029296875
6 0.748046875 0.29833984375 0.025390625 0.0283203125
6 0.74169921875 0.2890625 0.0283203125 0.029296875
6 0.7333984375 0.2802734375 0.03125 0.03125
6 0.71875 0.26513671875 0.03125 0.0322265625
6 0.7099609375 0.255859375 0.029296875 0.029296875
6 0.7021484375 0.24755859375 0.03125 0.0322265625
6 0.6943359375 0.2373046875 0.033203125 0.03125
6 0.669921875 0.2158203125 0.03515625 0.033203125
6 0.65478515625 0.1982421875 0.0322265625 0.03515625
6 0.6435546875 0.193359375 0.025390625 0.02734375
6 0.6376953125 0.1826171875 0.03125 0.033203125
6 0.61572265625 0.15771484375 0.0322265625 0.0302734375
6 0.59814453125 0.14306640625 0.0302734375 0.0283203125
6 0.58935546875 0.13525390625 0.0283203125 0.0283203125
6 0.583984375 0.1240234375 0.03125 0.029296875
6 0.57763671875 0.11572265625 0.0302734375 0.0302734375
6 0.5751953125 0.005859375 0.017578125 0.009765625
6 0.60986328125 0.0341796875 0.0302734375 0.033203125
6 0.61865234375 0.04345703125 0.0302734375 0.0322265625
6 0.62744140625 0.05126953125 0.0322265625 0.0302734375
6 0.64111328125 0.06591796875 0.0302734375 0.0283203125
6 0.6494140625 0.07373046875 0.03125 0.0302734375
6 0.66455078125 0.09375 0.0361328125 0.0390625
6 0.68212890625 0.10595703125 0.0283203125 0.0283203125
6 0.68994140625 0.11474609375 0.0283203125 0.0283203125
6 0.7734375 0.3212890625 0.029296875 0.03125
6 0.7841796875 0.3271484375 0.03125 0.033203125
6 0.79541015625 0.34619140625 0.0263671875 0.0283203125
6 0.8056640625 0.35302734375 0.029296875 0.0302734375
6 0.6376953125 0.25732421875 0.03515625 0.0361328125
6 0.65625 0.27685546875 0.037109375 0.0361328125
6 0.66650390625 0.28515625 0.0341796875 0.03515625
6 0.673828125 0.2998046875 0.037109375 0.041015625
6 0.6865234375 0.3046875 0.033203125 0.033203125
6 0.69140625 0.3193359375 0.03515625 0.041015625
6 0.7060546875 0.32421875 0.03515625 0.03515625
6 0.712890625 0.33447265625 0.037109375 0.0361328125
6 0.72216796875 0.3447265625 0.0380859375 0.0390625
6 0.73193359375 0.3515625 0.0341796875 0.033203125
6 0.744140625 0.36279296875 0.03515625 0.0361328125
6 0.75244140625 0.37255859375 0.0341796875 0.0341796875
6 0.7607421875 0.3837890625 0.0390625 0.0390625
6 0.77001953125 0.39404296875 0.0380859375 0.0380859375
6 0.78173828125 0.4013671875 0.0322265625 0.03515625
6 0.78955078125 0.412109375 0.0361328125 0.037109375
6 0.79638671875 0.42333984375 0.0419921875 0.0400390625
6 0.81201171875 0.42919921875 0.0283203125 0.0263671875
6 0.8173828125 0.44189453125 0.037109375 0.0380859375
6 0.83642578125 0.46142578125 0.0380859375 0.0380859375
6 0.8466796875 0.47021484375 0.03515625 0.0361328125
6 0.88720703125 0.4345703125 0.0283203125 0.03125
6 0.87939453125 0.376953125 0.0283203125 0.02734375
6 0.86328125 0.40966796875 0.033203125 0.0341796875
6 0.85498046875 0.400390625 0.0322265625 0.03515625
6 0.84375 0.3955078125 0.02734375 0.029296875
6 0.83740234375 0.3857421875 0.0302734375 0.03125
6 0.81982421875 0.37158203125 0.0263671875 0.0263671875
6 0.814453125 0.36083984375 0.03125 0.0322265625
6 0.64599609375 0.0087890625 0.0244140625 0.015625
6 0.61865234375 0.2373046875 0.0341796875 0.03515625
6 0.21728515625 0.7548828125 0.0419921875 0.044921875
6 0.041015625 0.57470703125 0.060546875 0.0595703125
6 0.05126953125 0.59423828125 0.0419921875 0.0400390625
6 0.064453125 0.60595703125 0.044921875 0.0439453125
6 0.0849609375 0.6259765625 0.04296875 0.04296875
6 0.0986328125 0.63623046875 0.044921875 0.0458984375
6 0.10595703125 0.64990234375 0.0419921875 0.0419921875
6 0.1201171875 0.658203125 0.046875 0.046875
6 0.12158203125 0.67626953125 0.0263671875 0.0263671875
6 0.14794921875 0.69091796875 0.0458984375 0.0458984375
6 0.15966796875 0.7021484375 0.0439453125 0.04296875
6 0.16796875 0.71533203125 0.0390625 0.0400390625
6 0.17578125 0.7265625 0.037109375 0.0390625
6 0.1923828125 0.7333984375 0.04296875 0.044921875
6 0.20361328125 0.7451171875 0.0400390625 0.044921875
6 0.2236328125 0.7685546875 0.044921875 0.044921875
6 0.65478515625 0.0126953125 0.0283203125 0.0234375
6 0.22900390625 0.783203125 0.0380859375 0.0390625
6 0.24560546875 0.7890625 0.0478515625 0.048828125
6 0.25927734375 0.79931640625 0.0517578125 0.0517578125
6 0.26806640625 0.814453125 0.0439453125 0.04296875
6 0.28466796875 0.83740234375 0.0400390625 0.0361328125
6 0.99267578125 0.916015625 0.0146484375 0.0234375
6 0.98779296875 0.93408203125 0.0244140625 0.0302734375
6 0.99072265625 0.95556640625 0.0185546875 0.0224609375
6 0.9794921875 0.966796875 0.041015625 0.041015625
6 0.955078125 0.982421875 0.0546875 0.033203125
6 0.73193359375 0.0068359375 0.0185546875 0.01171875
6 0.66015625 0.021484375 0.021484375 0.0234375
6 0.67822265625 0.0341796875 0.0283203125 0.02734375
6 0.68505859375 0.04248046875 0.0244140625 0.0244140625
6 0.69970703125 0.05615234375 0.0263671875 0.0263671875
6 0.70849609375 0.06494140625 0.0302734375 0.0283203125
6 0.71728515625 0.0712890625 0.0302734375 0.02734375
6 0.73095703125 0.0869140625 0.0302734375 0.029296875
6 0.7373046875 0.09375 0.02734375 0.025390625
6 0.74462890625 0.1015625 0.0302734375 0.029296875
6 0.75048828125 0.109375 0.0263671875 0.025390625
6 0.76025390625 0.1162109375 0.0322265625 0.03125
6 0.7666015625 0.12548828125 0.029296875 0.0283203125
6 0.77490234375 0.13330078125 0.0244140625 0.0244140625
6 0.6982421875 0.1220703125 0.029296875 0.029296875
6 0.70654296875 0.1298828125 0.0283203125 0.029296875
6 0.71484375 0.13720703125 0.029296875 0.0283203125
6 0.724609375 0.1455078125 0.025390625 0.025390625
6 0.72998046875 0.1552734375 0.0302734375 0.03125
6 0.7529296875 0.17919921875 0.03125 0.0322265625
6 0.763671875 0.18798828125 0.025390625 0.0263671875
6 0.77001953125 0.1962890625 0.0263671875 0.02734375
6 0.7783203125 0.2041015625 0.02734375 0.029296875
6 0.78662109375 0.2119140625 0.0302734375 0.029296875
6 0.79443359375 0.22021484375 0.0283203125 0.0263671875
6 0.80224609375 0.22900390625 0.0322265625 0.0302734375
6 0.8173828125 0.24169921875 0.029296875 0.0283203125
6 0.76416015625 0.015625 0.0224609375 0.021484375
6 0.75341796875 0.01318359375 0.0244140625 0.0244140625
6 0.7431640625 0.01025390625 0.0234375 0.0185546875
6 0.62646484375 0.248046875 0.0341796875 0.03515625
6 0.6064453125 0.22998046875 0.037109375 0.0380859375
6 0.59814453125 0.60009765625 0.0400390625 0.0400390625
6 0.5517578125 0.39794921875 0.03125 0.0341796875
6 0.396484375 0.2451171875 0.0390625 0.03515625
6 0.40478515625 0.2568359375 0.0439453125 0.041015625
6 0.41650390625 0.2666015625 0.0380859375 0.037109375
6 0.42578125 0.27783203125 0.04296875 0.0439453125
6 0.43798828125 0.283203125 0.0322265625 0.03515625
6 0.4541015625 0.3056640625 0.037109375 0.0390625
6 0.46630859375 0.31640625 0.0439453125 0.044921875
6 0.48486328125 0.3310546875 0.0361328125 0.037109375
6 0.49462890625 0.34228515625 0.0361328125 0.0380859375
6 0.5048828125 0.35009765625 0.033203125 0.0322265625
6 0.51171875 0.3623046875 0.0390625 0.0390625
6 0.521484375 0.373046875 0.037109375 0.037109375
6 0.53173828125 0.3818359375 0.0322265625 0.033203125
6 0.54248046875 0.38916015625 0.0322265625 0.0341796875
6 0.5595703125 0.41015625 0.0390625 0.0390625
6 0.7197265625 0.5751953125 0.0390625 0.041015625
6 0.5703125 0.419921875 0.03515625 0.03515625
6 0.57958984375 0.42919921875 0.0341796875 0.0361328125
6 0.59716796875 0.43212890625 0.0205078125 0.0224609375
6 0.59912109375 0.44677734375 0.0361328125 0.0341796875
6 0.6083984375 0.45703125 0.0390625 0.03515625
6 0.6181640625 0.4658203125 0.03125 0.033203125
6 0.6259765625 0.4755859375 0.03515625 0.03515625
6 0.6357421875 0.4833984375 0.029296875 0.03125
6 0.6455078125 0.49560546875 0.0390625 0.0341796875
6 0.65673828125 0.50537109375 0.0380859375 0.0341796875
6 0.66357421875 0.51904296875 0.0380859375 0.0380859375
6 0.68505859375 0.533203125 0.0341796875 0.033203125
6 0.69384765625 0.54541015625 0.0361328125 0.0361328125
6 0.70361328125 0.55615234375 0.0380859375 0.0380859375
6 0.390625 0.23291015625 0.033203125 0.0322265625
6 0.38037109375 0.224609375 0.0361328125 0.037109375
6 0.37060546875 0.21533203125 0.0380859375 0.0380859375
6 0.359375 0.20751953125 0.041015625 0.0400390625
6 0.58837890625 0.5908203125 0.0361328125 0.037109375
6 0.578125 0.58251953125 0.037109375 0.0361328125
6 0.56640625 0.5732421875 0.03125 0.033203125
6 0.5625 0.55810546875 0.041015625 0.0400390625
6 0.54150390625 0.54248046875 0.0400390625 0.0400390625
6 0.53076171875 0.53369140625 0.0361328125 0.0361328125
6 0.52294921875 0.5224609375 0.0380859375 0.037109375
6 0.5146484375 0.51123046875 0.041015625 0.0400390625
6 0.50390625 0.50146484375 0.0390625 0.0400390625
6 0.4912109375 0.49365234375 0.03515625 0.0361328125
6 0.47509765625 0.47412109375 0.0361328125 0.0380859375
6 0.46435546875 0.4677734375 0.0322265625 0.03515625
6 0.45458984375 0.455078125 0.0361328125 0.03515625
6 0.44775390625 0.44384765625 0.0400390625 0.0400390625
6 0.435546875 0.4365234375 0.033203125 0.033203125
6 0.41357421875 0.41943359375 0.0283203125 0.0283203125
6 0.41064453125 0.40625 0.0380859375 0.03515625
6 0.3984375 0.39892578125 0.037109375 0.0361328125
6 0.39208984375 0.384765625 0.0439453125 0.044921875
6 0.37939453125 0.37744140625 0.0361328125 0.0380859375
6 0.361328125 0.35888671875 0.037109375 0.0380859375
6 0.349609375 0.3505859375 0.03515625 0.033203125
6 0.33447265625 0.32861328125 0.0400390625 0.0400390625
6 0.32275390625 0.31982421875 0.0341796875 0.0341796875
6 0.31298828125 0.31103515625 0.0361328125 0.0361328125
6 0.3046875 0.2978515625 0.0390625 0.041015625
6 0.28515625 0.28173828125 0.03515625 0.0380859375
6 0.34765625 0.18115234375 0.029296875 0.0244140625
6 0.35205078125 0.19482421875 0.0380859375 0.0380859375
6 0.71240234375 0.564453125 0.0361328125 0.037109375
6 0.73046875 0.58056640625 0.03515625 0.0322265625
6 0.587890625 0.2099609375 0.041015625 0.041015625
6 0.541015625 0.08447265625 0.029296875 0.0322265625
6 0.44677734375 0.21484375 0.0341796875 0.0390625
6 0.4404296875 0.20166015625 0.0390625 0.0400390625
6 0.42822265625 0.19677734375 0.0322265625 0.0322265625
6 0.42041015625 0.1865234375 0.0361328125 0.03515625
6 0.4111328125 0.17626953125 0.037109375 0.0380859375
6 0.40283203125 0.16552734375 0.0380859375 0.0380859375
6 0.39306640625 0.15478515625 0.0341796875 0.0361328125
6 0.38134765625 0.14697265625 0.0380859375 0.0380859375
6 0.45703125 0.0732421875 0.03515625 0.03515625
6 0.49560546875 0.03466796875 0.0322265625 0.0322265625
6 0.50341796875 0.04150390625 0.0322265625 0.0302734375
6 0.5087890625 0.05029296875 0.03125 0.0341796875
6 0.513671875 0.0634765625 0.0234375 0.0234375
6 0.52685546875 0.06591796875 0.0302734375 0.0302734375
6 0.5517578125 0.09033203125 0.03125 0.0322265625
6 0.73681640625 0.59375 0.0439453125 0.04296875
6 0.4853515625 0.1015625 0.03515625 0.03515625
6 0.49365234375 0.11181640625 0.0322265625 0.0341796875
6 0.50341796875 0.1220703125 0.0361328125 0.037109375
6 0.513671875 0.13232421875 0.03515625 0.0380859375
6 0.52197265625 0.142578125 0.0322265625 0.03515625
6 0.53173828125 0.15087890625 0.0361328125 0.0380859375
6 0.55859375 0.10107421875 0.029296875 0.0302734375
6 0.56494140625 0.11083984375 0.0283203125 0.0283203125
6 0.5390625 0.1630859375 0.04296875 0.04296875
6 0.552734375 0.16943359375 0.03515625 0.0341796875
6 0.560546875 0.1796875 0.03515625 0.033203125
6 0.5703125 0.1875 0.033203125 0.033203125
6 0.58056640625 0.197265625 0.0361328125 0.03515625
6 0.5966796875 0.2197265625 0.037109375 0.0390625
6 0.45703125 0.2275390625 0.03515625 0.03515625
6 0.46826171875 0.234375 0.0400390625 0.0390625
6 0.47412109375 0.24609375 0.0244140625 0.025390625
6 0.486328125 0.25341796875 0.037109375 0.0380859375
6 0.78125 0.55126953125 0.037109375 0.0400390625
6 0.77099609375 0.54296875 0.0380859375 0.0390625
6 0.76123046875 0.53369140625 0.0361328125 0.0380859375
6 0.75146484375 0.5234375 0.0380859375 0.041015625
6 0.7431640625 0.51123046875 0.041015625 0.0419921875
6 0.73388671875 0.5029296875 0.0361328125 0.037109375
6 0.7255859375 0.4931640625 0.03515625 0.03515625
6 0.712890625 0.48681640625 0.03125 0.0322265625
6 0.703125 0.47802734375 0.03125 0.0322265625
6 0.68798828125 0.45556640625 0.0400390625 0.0400390625
6 0.67626953125 0.44873046875 0.0361328125 0.0361328125
6 0.66796875 0.43603515625 0.037109375 0.0380859375
6 0.65673828125 0.427734375 0.0380859375 0.0390625
6 0.646484375 0.41796875 0.03515625 0.03515625
6 0.638671875 0.40673828125 0.03515625 0.0380859375
6 0.6279296875 0.39892578125 0.03125 0.0380859375
6 0.61767578125 0.3916015625 0.0341796875 0.03515625
6 0.6083984375 0.3740234375 0.05078125 0.048828125
6 0.59375 0.3583984375 0.02734375 0.02734375
6 0.5810546875 0.3515625 0.03515625 0.03515625
6 0.572265625 0.3388671875 0.037109375 0.0390625
6 0.5615234375 0.3310546875 0.033203125 0.03515625
6 0.55224609375 0.3212890625 0.0380859375 0.0390625
6 0.5419921875 0.3125 0.03515625 0.037109375
6 0.53564453125 0.3017578125 0.0361328125 0.037109375
6 0.52587890625 0.29248046875 0.0380859375 0.0400390625
6 0.51318359375 0.28515625 0.0283203125 0.029296875
6 0.50537109375 0.27197265625 0.0361328125 0.0380859375
6 0.49658203125 0.26123046875 0.0341796875 0.0361328125
12 0.7890625 0.18701171875 0.380859375 0.3720703125
