3 0.8671875 0.83984375 0.265625 0.3203125
7 0.34228515625 0.5283203125 0.0732421875 0.09765625
13 0.3369140625 0.37451171875 0.033203125 0.0419921875
7 0.27392578125 0.60009765625 0.0966796875 0.0732421875
13 0.52783203125 0.08837890625 0.0380859375 0.0478515625
13 0.287109375 0.5 0.0234375 0.04296875
13 0.25537109375 0.65283203125 0.0595703125 0.0498046875
13 0.2236328125 0.6865234375 0.048828125 0.033203125
13 0.22314453125 0.9931640625 0.0224609375 0.013671875
7 0.9697265625 0.38330078125 0.060546875 0.0927734375
7 0.9169921875 0.35107421875 0.076171875 0.0966796875
7 0.85791015625 0.3212890625 0.0771484375 0.09765625
7 0.798828125 0.2919921875 0.076171875 0.09765625
7 0.73876953125 0.2626953125 0.0751953125 0.09765625
7 0.6796875 0.23388671875 0.076171875 0.0986328125
1 0.6572265625 0.4482421875 0.2109375 0.2109375
1 0.4853515625 0.77880859375 0.201171875 0.2099609375
7 0.65869140625 0.84521484375 0.1416015625 0.1376953125
7 0.4853515625 0.19287109375 0.07421875 0.0966796875
