3 0.849609375 0.5703125 0.30078125 0.43359375
7 0.34228515625 0.2021484375 0.0732421875 0.09765625
13 0.3369140625 0.04833984375 0.033203125 0.0419921875
7 0.27392578125 0.27392578125 0.0966796875 0.0732421875
13 0.287109375 0.173828125 0.0234375 0.04296875
13 0.25537109375 0.32666015625 0.0595703125 0.0498046875
13 0.2236328125 0.3603515625 0.048828125 0.033203125
13 0.21923828125 0.6796875 0.0302734375 0.0390625
13 0.02978515625 0.7587890625 0.0498046875 0.0390625
13 0.12451171875 0.9052734375 0.0283203125 0.041015625
7 0.9697265625 0.05712890625 0.060546875 0.0927734375
7 0.91552734375 0.037109375 0.0732421875 0.072265625
7 0.84912109375 0.0224609375 0.0595703125 0.04296875
1 0.6572265625 0.1220703125 0.2109375 0.2109375
1 0.4853515625 0.45263671875 0.201171875 0.2099609375
7 0.65869140625 0.51904296875 0.1416015625 0.1376953125
