3 0.49267578125 0.83984375 0.7314453125 0.3203125
13 0.58251953125 0.70556640625 0.1416015625 0.1259765625
7 0.4052734375 0.38037109375 0.076171875 0.0986328125
7 0.3447265625 0.35107421875 0.076171875 0.0966796875
7 0.28564453125 0.3212890625 0.0771484375 0.09765625
7 0.2265625 0.2919921875 0.076171875 0.09765625
7 0.16650390625 0.2626953125 0.0751953125 0.09765625
7 0.107421875 0.23388671875 0.076171875 0.0986328125
1 0.095703125 0.4482421875 0.189453125 0.2109375
7 0.08642578125 0.84521484375 0.1416015625 0.1376953125
