0 0.40576171875 0.50634765625 0.0830078125 0.0556640625
0 0.02001953125 0.50390625 0.0380859375 0.056640625
0 0.09326171875 0.4990234375 0.0791015625 0.056640625
0 0.19482421875 0.5 0.0869140625 0.064453125
0 0.2978515625 0.5048828125 0.083984375 0.05859375
0 0.6201171875 0.06298828125 0.0625 0.0830078125
0 0.49658203125 0.24853515625 0.0849609375 0.0615234375
0 0.3955078125 0.24560546875 0.07421875 0.0517578125
0 0.296875 0.24462890625 0.083984375 0.0595703125
0 0.19775390625 0.24462890625 0.0712890625 0.0556640625
0 0.02099609375 0.2392578125 0.0400390625 0.048828125
0 0.046875 0.826171875 0.091796875 0.12109375
