4 0.20361328125 0.7294921875 0.0341796875 0.017578125
0 0.962890625 0.50634765625 0.07421875 0.0556640625
0 0.35791015625 0.49462890625 0.0849609375 0.0556640625
0 0.45947265625 0.49560546875 0.0830078125 0.0615234375
0 0.55810546875 0.50341796875 0.0849609375 0.0576171875
0 0.65478515625 0.4990234375 0.0791015625 0.056640625
0 0.75634765625 0.5 0.0869140625 0.064453125
0 0.859375 0.5048828125 0.083984375 0.05859375
4 0.21435546875 0.66064453125 0.0556640625 0.0205078125
0 0.95703125 0.24560546875 0.07421875 0.0517578125
0 0.8583984375 0.24462890625 0.083984375 0.0595703125
0 0.75927734375 0.24462890625 0.0712890625 0.0556640625
0 0.5654296875 0.23974609375 0.07421875 0.0498046875
0 0.37255859375 0.23828125 0.0556640625 0.044921875
0 0.31494140625 0.83544921875 0.1376953125 0.1142578125
0 0.4443359375 0.8330078125 0.078125 0.0859375
0 0.5888671875 0.826171875 0.130859375 0.123046875
4 0.2060546875 0.5693359375 0.037109375 0.017578125
4 0.20654296875 0.5908203125 0.0361328125 0.01953125
4 0.07275390625 0.72021484375 0.0185546875 0.0361328125
4 0.10546875 0.73583984375 0.015625 0.0341796875
4 0.12890625 0.7314453125 0.015625 0.03515625
5 0.21630859375 0.38818359375 0.0771484375 0.0263671875
5 0.22802734375 0.43408203125 0.0654296875 0.0244140625
5 0.2158203125 0.47802734375 0.046875 0.0224609375
4 0.0546875 0.6962890625 0.01953125 0.04296875
0 0.2744140625 0.2353515625 0.08203125 0.052734375
